9.100000e+00
1.350000e+01
9.400000e+00
8.400000e+00
4.990000e+01
1.350000e+01
1.750000e+01
1.530000e+01
4.900000e+00
2.520000e+01
1.280000e+01
4.900000e+00
9.990000e+01
2.730000e+01
1.540000e+01
9.990000e+01
4.420000e+01
5.510000e+01
3.860000e+01
8.020000e+01
7.740000e+01
1.260000e+01
4.860000e+01
1.220000e+01
9.100000e+00
4.710000e+01
2.250000e+01
1.130000e+01
3.580000e+01
3.910000e+01
4.940000e+01
2.140000e+01
9.990000e+01
7.400000e+00
5.450000e+01
9.990000e+01
8.700000e+00
2.950000e+01
5.100000e+00
4.780000e+01
7.610000e+01
8.200000e+00
4.590000e+01
1.550000e+01
1.390000e+01
1.850000e+01
5.380000e+01
1.170000e+01
1.210000e+01
5.800000e+00
5.700000e+00
2.650000e+01
2.250000e+01
10
9.500000e+00
16
3.370000e+01
19
2.740000e+01
7.800000e+00
1.520000e+01
9.300000e+00
9
1.980000e+01
1.760000e+01
17
1.710000e+01
1.960000e+01
4.240000e+01
87
1.620000e+01
3.410000e+01
1.620000e+01
5.100000e+00
1.420000e+01
1.810000e+01
4.690000e+01
6.800000e+00
7.040000e+01
1.150000e+01
3.050000e+01
1.260000e+01
10
6.900000e+00
2.170000e+01
6.090000e+01
3.350000e+01
5.590000e+01
1.580000e+01
6.490000e+01
51
9.990000e+01
9.300000e+00
5.610000e+01
6.690000e+01
8.100000e+00
7.900000e+00
5.400000e+00
4.380000e+01
1.790000e+01
7.310000e+01
1.450000e+01
7.600000e+00
5.270000e+01
5.100000e+00
7.400000e+00
15
3.560000e+01
9.990000e+01
12
5.980000e+01
9.990000e+01
1.840000e+01
5
1.660000e+01
9.990000e+01
9.990000e+01
4.010000e+01
5.500000e+00
4.900000e+00
2.690000e+01
6.450000e+01
5.540000e+01
5.300000e+00
11
1.620000e+01
2.230000e+01
5.380000e+01
1.760000e+01
1.370000e+01
7.100000e+00
9.700000e+00
2.210000e+01
2.540000e+01
8.400000e+00
5.500000e+00
17
7.200000e+00
1.210000e+01
3.130000e+01
7.300000e+00
1.160000e+01
9.990000e+01
3.020000e+01
3.370000e+01
5.120000e+01
9.990000e+01
3.290000e+01
5.900000e+00
6.300000e+00
3.490000e+01
9.700000e+00
2.860000e+01
1.310000e+01
2.940000e+01
1.940000e+01
2.770000e+01
9.990000e+01
4.160000e+01
5.400000e+00
2.640000e+01
2.190000e+01
1.540000e+01
7.390000e+01
1.410000e+01
1.360000e+01
3.190000e+01
9.990000e+01
3.410000e+01
2.470000e+01
2.740000e+01
7.460000e+01
1.370000e+01
8.200000e+00
4.900000e+00
2.540000e+01
1.690000e+01
1.670000e+01
6.120000e+01
6.940000e+01
6.730000e+01
3.140000e+01
5.070000e+01
3.670000e+01
12
2.940000e+01
7.500000e+00
6.300000e+00
5.230000e+01
5.070000e+01
8
3.950000e+01
2.090000e+01
9.500000e+00
9.990000e+01
9.990000e+01
3.550000e+01
25
2.060000e+01
9.400000e+00
2.120000e+01
5.360000e+01
7.100000e+00
1.340000e+01
4.900000e+00
6.300000e+00
2.290000e+01
1.810000e+01
1.750000e+01
1.990000e+01
5.990000e+01
31
2.030000e+01
9.990000e+01
3.030000e+01
5.500000e+00
9.990000e+01
1.840000e+01
7.270000e+01
6.900000e+00
2.380000e+01
9.900000e+00
9.600000e+00
7.300000e+00
6.970000e+01
4.450000e+01
9.600000e+00
8.170000e+01
2.980000e+01
8.300000e+00
2.650000e+01
3.720000e+01
1.120000e+01
14
9.990000e+01
5.790000e+01
1.930000e+01
5.180000e+01
2.940000e+01
26
8.760000e+01
6.580000e+01
6.840000e+01
2.120000e+01
1.670000e+01
9.990000e+01
33
5.610000e+01
4.060000e+01
8.500000e+00
8.800000e+00
6.800000e+00
6.800000e+00
1.210000e+01
5.400000e+00
3.430000e+01
5.300000e+00
68
8.700000e+00
6.900000e+00
4.620000e+01
3.230000e+01
1.710000e+01
9.990000e+01
4.150000e+01
1.580000e+01
9.400000e+00
1.290000e+01
2.220000e+01
2.060000e+01
1.210000e+01
1.120000e+01
22
2.620000e+01
1.840000e+01
7
3.220000e+01
1.480000e+01
2.350000e+01
3.610000e+01
4.240000e+01
3.430000e+01
1.750000e+01
2.580000e+01
9.900000e+00
1.630000e+01
7.330000e+01
4.900000e+00
2.450000e+01
3.460000e+01
5.240000e+01
9.200000e+00
3.830000e+01
6.100000e+00
2.360000e+01
55
3.290000e+01
9.990000e+01
1.550000e+01
3.080000e+01
1.760000e+01
6.680000e+01
9.990000e+01
4.710000e+01
9.990000e+01
7.400000e+00
1.150000e+01
5.600000e+00
9.500000e+00
1.760000e+01
9.990000e+01
1.520000e+01
1.330000e+01
5.200000e+00
1.440000e+01
8
2.080000e+01
9.990000e+01
8.840000e+01
4.360000e+01
4.900000e+00
4.880000e+01
5.560000e+01
9.990000e+01
