1	1.169944e+03	6.837203e+02
1	1.116664e+03	6.554895e+02
1	1.107629e+03	6.435455e+02
1	1.129641e+03	6.445804e+02
1	1.169501e+03	6.552867e+02
1	1.214012e+03	6.723566e+02
1	1.211569e+03	6.941282e+02
1	1.193858e+03	6.919907e+02
1	1.217921e+03	7.372005e+02
1	1.204154e+03	7.221772e+02
1	1.231893e+03	7.570886e+02
1	1.247051e+03	7.555431e+02
1	1.252408e+03	7.507599e+02
1	1.230629e+03	7.397086e+02
1	1.248508e+03	7.452634e+02
1	1.301261e+03	7.224499e+02
1	1.241709e+03	7.274219e+02
1	1.219571e+03	7.010023e+02
1	1.223858e+03	6.980420e+02
1	1.175671e+03	6.836620e+02
1	1.120848e+03	7.264755e+02
1	1.125023e+03	7.198205e+02
1	1.095727e+03	7.513683e+02
1	1.099944e+03	7.990746e+02
1	1.193876e+03	8.045897e+02
1	1.272935e+03	8.291795e+02
1	1.250200e+03	8.399510e+02
1	1.333438e+03	8.444825e+02
1	1.395154e+03	8.017716e+02
1	1.353874e+03	8.182494e+02
1	1.292254e+03	8.214499e+02
1	1.248189e+03	8.175618e+02
1	1.225942e+03	8.102937e+02
1	1.184510e+03	8.217622e+02
1	1.181075e+03	7.898415e+02
1	1.203594e+03	7.826597e+02
1	1.267040e+03	7.200070e+02
1	1.430098e+03	6.847179e+02
1	1.594566e+03	5.955082e+02
1	1.641506e+03	5.551958e+02
1	1.704182e+03	4.903963e+02
1	1.689587e+03	4.789557e+02
1	1.672874e+03	4.563310e+02
1	1.566487e+03	4.524942e+02
1	1.494319e+03	4.468159e+02
1	1.442573e+03	4.413193e+02
1	1.455811e+03	4.412331e+02
1	1.484902e+03	4.490932e+02
1	1.499834e+03	4.482681e+02
1	1.509641e+03	4.428625e+02
1	1.510112e+03	4.410746e+02
1	1.511061e+03	4.337343e+02
1	1.451163e+03	4.394219e+02
1	1.442301e+03	4.296946e+02
1	1.426902e+03	4.149534e+02
1	1.421571e+03	4.159254e+02
1	1.445501e+03	4.311865e+02
1	1.455508e+03	4.300233e+02
1	1.412131e+03	4.886340e+02
1	1.448597e+03	4.999441e+02
1	1.454559e+03	4.981958e+02
1	1.454487e+03	5.102960e+02
1	1.478634e+03	5.179580e+02
1	1.497828e+03	5.080396e+02
1	1.515224e+03	4.900979e+02
1	1.544683e+03	4.624825e+02
1	1.578147e+03	4.455758e+02
1	1.537944e+03	4.506737e+02
1	1.514497e+03	4.724988e+02
1	1.497814e+03	4.690932e+02
1	1.476660e+03	4.717646e+02
1	1.432904e+03	5.096923e+02
1	1.474681e+03	5.096527e+02
1	1.490601e+03	5.023333e+02
1	1.537352e+03	5.356200e+02
1	1.608131e+03	5.251538e+02
1	1.631298e+03	5.039464e+02
1	1.603455e+03	5.049837e+02
1	1.653217e+03	5.054429e+02
1	1.632760e+03	5.013357e+02
1	1.618340e+03	5.030117e+02
1	1.597632e+03	5.294126e+02
1	1.589550e+03	5.251399e+02
1	1.599016e+03	4.826177e+02
1	1.561629e+03	4.738765e+02
1	1.582599e+03	4.355268e+02
1	1.540247e+03	3.864569e+02
1	1.538135e+03	3.530583e+02
1	1.566380e+03	3.654802e+02
1	1.584921e+03	3.563730e+02
1	1.673287e+03	3.944033e+02
1	1.724970e+03	4.210000e+02
1	1.699091e+03	4.157389e+02
1	1.685622e+03	3.775688e+02
1	1.640923e+03	3.786294e+02
1	1.616998e+03	4.105408e+02
1	1.596431e+03	4.241935e+02
1	1.540007e+03	4.096317e+02
1	1.509427e+03	4.247063e+02
1	1.505935e+03	4.136457e+02
1	1.553779e+03	4.183497e+02
1	1.563538e+03	4.546690e+02
1	1.480200e+03	4.836480e+02
1	1.478345e+03	4.799814e+02
1	1.474301e+03	5.057156e+02
1	1.464594e+03	5.387459e+02
1	1.513336e+03	5.621072e+02
1	1.546765e+03	5.759021e+02
1	1.634874e+03	5.324848e+02
1	1.673571e+03	4.852704e+02
1	1.685200e+03	4.538438e+02
1	1.690760e+03	4.816294e+02
1	1.594401e+03	4.493473e+02
1	1.528513e+03	4.406853e+02
1	1.469907e+03	4.091445e+02
1	1.344711e+03	4.237459e+02
1	1.365163e+03	4.774452e+02
1	1.378545e+03	5.134662e+02
1	1.454340e+03	5.225734e+02
1	1.523270e+03	5.265688e+02
1	1.535494e+03	5.194219e+02
1	1.655548e+03	5.098508e+02
1	1.686746e+03	4.751888e+02
1	1.721676e+03	4.634685e+02
1	1.673119e+03	4.169301e+02
1	1.622466e+03	4.242168e+02
1	1.569858e+03	4.320000e+02
1	1.546916e+03	4.472727e+02
1	1.492622e+03	4.639814e+02
1	1.483240e+03	4.576783e+02
1	1.476713e+03	4.386107e+02
1	1.542606e+03	4.325734e+02
1	1.554739e+03	4.131142e+02
1	1.562471e+03	4.190210e+02
1	1.515695e+03	4.303916e+02
1	1.524119e+03	4.145711e+02
1	1.491538e+03	4.250163e+02
1	1.528783e+03	4.326107e+02
1	1.537932e+03	4.382331e+02
1	1.576821e+03	4.448368e+02
1	1.578772e+03	4.400326e+02
1	1.573844e+03	4.378601e+02
1	1.554312e+03	4.163497e+02
1	1.544879e+03	4.420163e+02
1	1.546991e+03	4.267646e+02
1	1.557883e+03	4.165245e+02
1	1.529494e+03	4.261166e+02
1	1.540650e+03	4.264545e+02
1	1.547105e+03	4.547110e+02
1	1.552156e+03	4.594779e+02
1	1.611364e+03	4.607459e+02
1	1.639991e+03	4.360373e+02
1	1.652084e+03	4.322821e+02
1	1.625779e+03	4.431026e+02
1	1.567552e+03	4.217739e+02
1	1.513697e+03	4.144942e+02
1	1.467909e+03	4.003497e+02
1	1.449893e+03	4.035991e+02
1	1.425890e+03	4.312867e+02
1	1.462974e+03	4.351515e+02
1	1.568124e+03	4.078695e+02
1	1.598590e+03	3.979138e+02
1	1.625247e+03	4.292331e+02
1	1.582548e+03	4.649580e+02
1	1.585037e+03	4.680979e+02
1	1.604072e+03	4.688508e+02
1	1.627033e+03	4.542471e+02
1	1.608361e+03	4.330303e+02
1	1.586758e+03	4.167413e+02
1	1.585814e+03	3.587879e+02
1	1.610858e+03	3.396830e+02
1	1.560571e+03	3.433823e+02
1	1.505538e+03	3.899068e+02
1	1.504972e+03	4.464685e+02
1	1.529485e+03	4.752611e+02
1	1.515725e+03	5.085897e+02
1	1.460883e+03	4.922890e+02
1	1.438853e+03	4.635082e+02
1	1.421378e+03	4.268089e+02
1	1.481744e+03	3.779790e+02
1	1.524776e+03	3.788648e+02
1	1.480329e+03	3.667063e+02
1	1.484480e+03	4.250629e+02
1	1.529935e+03	4.605571e+02
1	1.534979e+03	4.911958e+02
1	1.573834e+03	4.895571e+02
1	1.582634e+03	4.825152e+02
1	1.602674e+03	4.747552e+02
1	1.594660e+03	4.261166e+02
1	1.604422e+03	4.030653e+02
1	1.607424e+03	3.616993e+02
1	1.551110e+03	3.511002e+02
1	1.496499e+03	3.551981e+02
1	1.445527e+03	3.659231e+02
1	1.470902e+03	3.731049e+02
1	1.497879e+03	3.708228e+02
1	1.461322e+03	4.143403e+02
1	1.494986e+03	4.077972e+02
1	1.513772e+03	4.204872e+02
1	1.524639e+03	4.805758e+02
1	1.577571e+03	4.770023e+02
1	1.568200e+03	4.636270e+02
1	1.548932e+03	4.525851e+02
1	1.499086e+03	4.575594e+02
1	1.510044e+03	4.512937e+02
1	1.446480e+03	4.321259e+02
1	1.404026e+03	4.053427e+02
1	1.432387e+03	3.851515e+02
1	1.509678e+03	3.813823e+02
1	1.535296e+03	3.957203e+02
1	1.588517e+03	3.904009e+02
1	1.601492e+03	3.935152e+02
1	1.598068e+03	4.379091e+02
1	1.591688e+03	4.432797e+02
1	1.571331e+03	4.613007e+02
1	1.533294e+03	4.472797e+02
1	1.502145e+03	4.374079e+02
1	1.480534e+03	4.167716e+02
1	1.513529e+03	3.735944e+02
1	1.440886e+03	3.608881e+02
1	1.393559e+03	3.671166e+02
1	1.430538e+03	3.896527e+02
1	1.445387e+03	4.206410e+02
1	1.461760e+03	3.995781e+02
1	1.498956e+03	4.204825e+02
1	1.542788e+03	4.294289e+02
1	1.554723e+03	4.690979e+02
1	1.572177e+03	5.062261e+02
1	1.584107e+03	5.842797e+02
1	1.514375e+03	6.503753e+02
1	1.495280e+03	6.715245e+02
1	1.537249e+03	6.565361e+02
1	1.457604e+03	6.251212e+02
1	1.422107e+03	5.401748e+02
1	1.563138e+03	5.040886e+02
1	1.577021e+03	4.374779e+02
1	1.560163e+03	4.192727e+02
1	1.601228e+03	4.096434e+02
1	1.588844e+03	4.134825e+02
1	1.540408e+03	4.119487e+02
1	1.568604e+03	3.836643e+02
1	1.549580e+03	3.610769e+02
1	1.490368e+03	3.821795e+02
1	1.555494e+03	3.771841e+02
1	1.641075e+03	4.421002e+02
1	1.663781e+03	4.535571e+02
1	1.673888e+03	4.653170e+02
1	1.687415e+03	4.620932e+02
1	1.642774e+03	4.490746e+02
1	1.517690e+03	4.583054e+02
1	1.513779e+03	4.378671e+02
1	1.475814e+03	4.272424e+02
1	1.471611e+03	4.338811e+02
1	1.512576e+03	4.095012e+02
1	1.525760e+03	4.331865e+02
1	1.541767e+03	4.468625e+02
1	1.575800e+03	4.463193e+02
1	1.611406e+03	4.550466e+02
1	1.619324e+03	4.752028e+02
1	1.526394e+03	4.572098e+02
1	1.561643e+03	4.351492e+02
1	1.556821e+03	4.130047e+02
1	1.520149e+03	3.878601e+02
1	1.550664e+03	3.928765e+02
1	1.532795e+03	4.432960e+02
1	1.515974e+03	4.950047e+02
1	1.590145e+03	5.371608e+02
1	1.642604e+03	5.741935e+02
1	1.611124e+03	5.966270e+02
1	1.593347e+03	5.486807e+02
1	1.549249e+03	5.130163e+02
1	1.562909e+03	4.575711e+02
1	1.538783e+03	4.284662e+02
1	1.583828e+03	4.093357e+02
1	1.559145e+03	4.067972e+02
1	1.535375e+03	3.962331e+02
1	1.539893e+03	3.880746e+02
1	1.533699e+03	3.854033e+02
1	1.462900e+03	3.959604e+02
1	1.446970e+03	3.759790e+02
1	1.476259e+03	3.585524e+02
1	1.522963e+03	3.723800e+02
1	1.593706e+03	3.803147e+02
1	1.638559e+03	3.874359e+02
1	1.630795e+03	3.970443e+02
1	1.581576e+03	3.916480e+02
1	1.526352e+03	3.792145e+02
1	1.516030e+03	3.766037e+02
1	1.467452e+03	3.856970e+02
1	1.415044e+03	3.956783e+02
1	1.451287e+03	3.749231e+02
1	1.398499e+03	4.029324e+02
1	1.406832e+03	4.224382e+02
1	1.461396e+03	4.235781e+02
1	1.493247e+03	4.135291e+02
1	1.485000e+03	4.015175e+02
1	1.539291e+03	4.003730e+02
1	1.617079e+03	3.796946e+02
1	1.615420e+03	3.554336e+02
1	1.652345e+03	3.461865e+02
1	1.670848e+03	3.060676e+02
1	1.612380e+03	3.453450e+02
1	1.519177e+03	3.740070e+02
1	1.472928e+03	3.971375e+02
1	1.402576e+03	4.260559e+02
1	1.382343e+03	4.458345e+02
1	1.479098e+03	4.535035e+02
1	1.569023e+03	4.377343e+02
1	1.579033e+03	4.154592e+02
1	1.636853e+03	3.883007e+02
1	1.663748e+03	3.744918e+02
1	1.650569e+03	3.685967e+02
1	1.611054e+03	4.085897e+02
1	1.569802e+03	4.543170e+02
1	1.538014e+03	4.701841e+02
1	1.590991e+03	4.594033e+02
1	1.637182e+03	4.620536e+02
1	1.655138e+03	4.524872e+02
1	1.586142e+03	4.479487e+02
1	1.551371e+03	3.962890e+02
1	1.513131e+03	3.671492e+02
1	1.476392e+03	3.724219e+02
1	1.470340e+03	4.254662e+02
1	1.442387e+03	4.340513e+02
1	1.432991e+03	4.344103e+02
1	1.462184e+03	4.347366e+02
1	1472	4.460629e+02
1	1.491156e+03	4.769674e+02
1	1.537193e+03	4.771259e+02
1	1.542019e+03	4.405152e+02
1	1.566007e+03	4.181002e+02
1	1.609124e+03	4.396503e+02
1	1.657422e+03	4.708298e+02
1	1.639434e+03	4.715734e+02
1	1.634350e+03	4.477716e+02
1	1.643256e+03	4.325874e+02
1	1.662797e+03	4.659744e+02
1	1.641657e+03	5.085198e+02
1	1.645625e+03	5.041562e+02
1	1.604758e+03	4.893077e+02
1	1.595723e+03	4.517249e+02
1	1.574399e+03	4.778135e+02
1	1.562277e+03	5.077809e+02
1	1.502401e+03	5.051329e+02
1	1.505422e+03	4.620490e+02
1	1.510261e+03	4.625198e+02
1	1.526585e+03	4.604988e+02
1	1.540550e+03	4.530746e+02
1	1.544793e+03	4.448974e+02
1	1.520091e+03	4.048904e+02
1	1.474100e+03	3.913706e+02
1	1.428650e+03	4.228275e+02
1	1.473399e+03	4.239580e+02
1	1.511767e+03	4.227739e+02
1	1.581061e+03	4.340513e+02
1	1.606485e+03	4.446573e+02
1	1.650562e+03	4.216830e+02
1	1.667783e+03	4.400490e+02
1	1.586739e+03	4.271422e+02
1	1.522497e+03	4.016387e+02
1	1.463627e+03	4.186923e+02
1	1.416436e+03	4.418858e+02
1	1.430035e+03	4.425268e+02
1	1.402907e+03	4.331142e+02
1	1.488823e+03	4.316317e+02
1	1.564319e+03	4.375338e+02
1	1.604662e+03	4.278205e+02
1	1.657664e+03	4.288112e+02
1	1.682133e+03	4.107529e+02
1	1.722242e+03	4.213450e+02
1	1.766513e+03	4.405315e+02
1	1.742531e+03	4.488904e+02
1	1.664573e+03	4.413427e+02
1	1.606676e+03	4.622424e+02
1	1.593517e+03	4.705478e+02
1	1.573284e+03	4.985058e+02
1	1.466844e+03	4.912541e+02
1	1.503993e+03	4.953660e+02
1	1.493098e+03	4.945734e+02
1	1.462739e+03	5.263683e+02
1	1.498725e+03	4.980723e+02
1	1.504988e+03	4.799324e+02
1	1.526844e+03	4.845688e+02
1	1.521937e+03	4.921282e+02
1	1.479198e+03	4.559138e+02
1	1.488233e+03	4.140396e+02
1	1.419079e+03	3.934289e+02
1	1.449112e+03	3.560909e+02
1	1.413002e+03	3.473357e+02
1	1.411562e+03	3.400047e+02
1	1.465214e+03	3.322937e+02
1	1.520536e+03	3.247902e+02
1	1.554802e+03	3.342145e+02
1	1.554072e+03	3.520676e+02
1	1.573834e+03	3.703869e+02
1	1.579841e+03	4.032541e+02
1	1.558035e+03	4.411469e+02
1	1.547212e+03	4.296364e+02
1	1.551441e+03	4.456270e+02
1	1.546545e+03	4.161841e+02
1	1.567347e+03	4.239044e+02
1	1.601946e+03	3.915664e+02
1	1.604543e+03	3.783263e+02
1	1.669289e+03	3.873240e+02
1	1.673296e+03	3.971655e+02
1	1.695487e+03	4.227995e+02
1	1.672564e+03	4.265664e+02
1	1.693061e+03	3.991026e+02
1	1.707443e+03	3.897459e+02
1	1.715462e+03	3.772867e+02
1	1.690128e+03	4.050303e+02
1	1.659417e+03	4.108951e+02
1	1.601699e+03	3.931469e+02
2	1.276783e+03	5.225105e+02
2	1.253958e+03	5.545385e+02
2	1.234345e+03	6.078485e+02
2	1.219098e+03	6.726294e+02
2	1.209371e+03	7.390699e+02
2	1.206317e+03	7.973590e+02
2	1.229429e+03	8.263450e+02
2	1.229303e+03	8.253287e+02
2	1.246182e+03	7.870793e+02
2	1.220485e+03	7.732984e+02
2	1.241893e+03	7.066923e+02
2	1.251585e+03	6.415291e+02
2	1.272047e+03	6.247179e+02
2	1.296986e+03	6.401026e+02
2	1.259443e+03	6.708671e+02
2	1.315935e+03	7.102261e+02
2	1.314828e+03	7.336200e+02
2	1.323210e+03	7.197016e+02
2	1.351753e+03	6.847319e+02
2	1.362613e+03	6.405921e+02
2	1.405030e+03	6.099907e+02
2	1.426709e+03	5.899557e+02
2	1.466399e+03	6.278275e+02
2	1.404790e+03	7.215152e+02
2	1.341406e+03	7.839044e+02
2	1.265751e+03	8.792751e+02
2	1.195900e+03	8.835245e+02
2	1.216056e+03	8.208462e+02
2	1.230986e+03	7.589138e+02
2	1.270893e+03	6.590862e+02
2	1.294056e+03	6.354359e+02
2	1.307758e+03	5.681911e+02
2	1.358107e+03	5.659674e+02
2	1.363296e+03	5.285128e+02
2	1.346438e+03	4.973263e+02
2	1.292471e+03	5.549604e+02
2	1.259951e+03	5.976014e+02
2	1.226152e+03	7.108065e+02
2	1.212704e+03	7.954779e+02
2	1.210555e+03	8.666434e+02
2	1.194613e+03	9.109464e+02
2	1.188606e+03	9.633916e+02
2	1.221245e+03	9.406667e+02
2	1.220613e+03	8.971608e+02
2	1.242788e+03	8.085221e+02
2	1.228494e+03	7.664103e+02
2	1.235590e+03	7.794172e+02
2	1.205245e+03	8.224452e+02
2	1.254536e+03	8.081515e+02
2	1.236790e+03	8.248974e+02
2	1.188781e+03	803
2	1.201296e+03	8.574382e+02
2	1.195592e+03	8.293939e+02
2	1.151888e+03	8.769907e+02
2	1.199247e+03	8.443776e+02
2	1.230326e+03	8.050373e+02
2	1.269769e+03	7.628671e+02
2	1.243394e+03	6.844872e+02
2	1.250019e+03	6.309207e+02
2	1.227967e+03	6.130699e+02
2	1.228044e+03	5.746247e+02
2	1.228578e+03	5.996527e+02
2	1.216753e+03	6.549977e+02
2	1.193284e+03	7.503846e+02
2	1.235154e+03	8.155175e+02
2	1.285417e+03	7.512751e+02
2	1.272804e+03	7.459417e+02
2	1.241445e+03	7.055291e+02
2	1.236350e+03	6.932587e+02
2	1.212084e+03	6.829744e+02
2	1.148648e+03	6.916900e+02
2	1.111280e+03	7.199184e+02
2	1.147853e+03	7.041538e+02
2	1.163860e+03	7.219044e+02
2	1.207583e+03	7.476713e+02
2	1.209685e+03	6.425618e+02
2	1.263946e+03	6.140839e+02
2	1.289219e+03	6.292378e+02
2	1.313688e+03	6.402214e+02
2	1.243082e+03	6.655128e+02
2	1.194886e+03	6.740816e+02
2	1.220049e+03	7.318112e+02
2	1.245960e+03	7.054172e+02
2	1.247331e+03	6.885152e+02
2	1.242753e+03	7.072774e+02
2	1.211685e+03	6.830559e+02
2	1.267002e+03	6.642984e+02
2	1.282245e+03	6.820280e+02
2	1.292783e+03	6.802937e+02
2	1.260497e+03	6.366340e+02
2	1.287594e+03	6.860559e+02
2	1.242221e+03	7.631329e+02
2	1.249902e+03	7.616340e+02
2	1.255221e+03	7.689254e+02
2	1.285245e+03	8.032844e+02
2	1.326135e+03	8.049557e+02
2	1.376287e+03	7.249510e+02
2	1.404604e+03	6.271142e+02
2	1.426888e+03	5.972774e+02
2	1.387981e+03	5.407786e+02
2	1.365077e+03	6.172774e+02
2	1.253163e+03	6.158135e+02
2	1.243797e+03	6.247366e+02
2	1.216191e+03	6.702121e+02
2	1.224538e+03	6.362378e+02
2	1.248366e+03	5.831562e+02
2	1.268466e+03	5.273310e+02
2	1.344746e+03	4.620000e+02
2	1.405455e+03	4.858322e+02
2	1.430625e+03	4.733939e+02
2	1.510427e+03	5.307622e+02
2	1.581746e+03	5.282611e+02
2	1.579343e+03	5.016970e+02
2	1.531671e+03	5.375734e+02
2	1.546632e+03	5.038508e+02
2	1.512520e+03	5.123706e+02
2	1.483429e+03	5.252587e+02
2	1.510988e+03	5.343217e+02
2	1.531044e+03	6.020256e+02
2	1.566471e+03	6.355245e+02
2	1.635480e+03	6.632354e+02
2	1.653718e+03	6.310420e+02
2	1.597026e+03	6.000443e+02
2	1.609734e+03	6.058998e+02
2	1.710005e+03	5.911142e+02
2	1.680380e+03	6.343100e+02
2	1.676704e+03	6.149534e+02
2	1.680240e+03	6.272121e+02
2	1.658014e+03	6.400909e+02
2	1.576149e+03	6.532471e+02
2	1.500788e+03	6.440210e+02
2	1.475263e+03	6.145524e+02
2	1.430800e+03	6.156573e+02
2	1.457678e+03	6.232005e+02
2	1.541965e+03	6.733287e+02
2	1553	6.843543e+02
2	1.580070e+03	6.670396e+02
2	1.581026e+03	6.661049e+02
2	1.550207e+03	6.196434e+02
2	1.498744e+03	6.002471e+02
2	1.417373e+03	5.960093e+02
2	1.414030e+03	5.637529e+02
2	1.358191e+03	5.777576e+02
2	1.430226e+03	6.267716e+02
2	1.446911e+03	6.644009e+02
2	1.421459e+03	6.396667e+02
2	1.518145e+03	6.522960e+02
2	1.627070e+03	6.356853e+02
2	1.585499e+03	6.379767e+02
2	1.476804e+03	7.121818e+02
2	1.360522e+03	7.725594e+02
2	1.360490e+03	7.275105e+02
2	1.261904e+03	8.070117e+02
2	1.201615e+03	8.264662e+02
2	1.132135e+03	7.968065e+02
2	1.155305e+03	7.340653e+02
2	1.351606e+03	6.916317e+02
2	1.498503e+03	6.154056e+02
2	1.464641e+03	5.896410e+02
2	1.524364e+03	5.734103e+02
2	1.609515e+03	5.155501e+02
2	1.694506e+03	4.253520e+02
2	1.575713e+03	4.711445e+02
2	1.500744e+03	4.534592e+02
2	1.509016e+03	4.631352e+02
2	1.512720e+03	4.860583e+02
2	1.593296e+03	5.311655e+02
2	1.648051e+03	5.501958e+02
2	1.601935e+03	5.616480e+02
2	1.668212e+03	5.809464e+02
2	1.645063e+03	5.794825e+02
2	1.640443e+03	5.630443e+02
2	1.599839e+03	5.840956e+02
2	1.592131e+03	5.907343e+02
2	1.588690e+03	5.828578e+02
2	1.560986e+03	5.703124e+02
2	1.554389e+03	5.717110e+02
2	1.540767e+03	5.601166e+02
2	1.534333e+03	5.394196e+02
2	1.530273e+03	5.007366e+02
2	1.510154e+03	4.693823e+02
3	9.894406e+02	4.828951e+02
3	9.583706e+02	6.113357e+02
3	9.237179e+02	6.746084e+02
3	8.897436e+02	6.877879e+02
3	8.607086e+02	6.659487e+02
3	8.408741e+02	6.241655e+02
3	8.325478e+02	5.880839e+02
3	8.758601e+02	5.588648e+02
3	9.170723e+02	5.774289e+02
3	9.381119e+02	6.073846e+02
3	9.411235e+02	6.223800e+02
3	9.510396e+02	6.136667e+02
3	9.316270e+02	5.905921e+02
3	8.911538e+02	5.988998e+02
3	9.181166e+02	5.475175e+02
3	9.374056e+02	4.676597e+02
3	9.418648e+02	5.012471e+02
3	9.075128e+02	5.237459e+02
3	9.198182e+02	5.374755e+02
3	8.723403e+02	5.898671e+02
3	8.047086e+02	6.247319e+02
3	7.916783e+02	6.240466e+02
3	7.924056e+02	6.515921e+02
3	8.012051e+02	6.485408e+02
3	8.798881e+02	5.843753e+02
3	9.645828e+02	5.361702e+02
3	9.573007e+02	5.636667e+02
3	1.000841e+03	5.468788e+02
3	1.032499e+03	5.257366e+02
3	1.016415e+03	5.697110e+02
3	9.746200e+02	5.675524e+02
3	9.558345e+02	5.434732e+02
3	9.193380e+02	5.606457e+02
3	9.334755e+02	5.510932e+02
3	9.607389e+02	5.427296e+02
3	9.189277e+02	5.424918e+02
3	9.170886e+02	5.616876e+02
3	9.467855e+02	5.823636e+02
3	9.270606e+02	5.937809e+02
3	9.733380e+02	5.850793e+02
3	9.431935e+02	5.940583e+02
3	9.358741e+02	5.861562e+02
3	9.236667e+02	5.698718e+02
3	9.561958e+02	5.686200e+02
3	9.112238e+02	5.843310e+02
3	8.479207e+02	6.193030e+02
3	8.382797e+02	6.062168e+02
3	8.381422e+02	5.593357e+02
3	8.749114e+02	5.444639e+02
3	9.420769e+02	5.112028e+02
3	9.319091e+02	5.035058e+02
3	9.767413e+02	4.894965e+02
3	9.311515e+02	5.054732e+02
3	1.000534e+03	5.702354e+02
3	9.674825e+02	6.030233e+02
3	9.383543e+02	6.469557e+02
3	9.810256e+02	6.161119e+02
3	1.021627e+03	5.985804e+02
3	1.035175e+03	6.121445e+02
3	1.029450e+03	5.728695e+02
3	9.705967e+02	5.676923e+02
3	9.507179e+02	5.541399e+02
3	9.017832e+02	5.448718e+02
3	9.511538e+02	5.642867e+02
3	9.081189e+02	5.479114e+02
3	8.869114e+02	5.698228e+02
3	9.573683e+02	6.042517e+02
3	9.700559e+02	6.220699e+02
3	1.008438e+03	5.946294e+02
3	9.906900e+02	6.023893e+02
3	9.839534e+02	6.227576e+02
3	9.998182e+02	5.969371e+02
3	1.010228e+03	5.763077e+02
3	9.956340e+02	5.864545e+02
3	9.171795e+02	7.104429e+02
3	8.047809e+02	8.633660e+02
3	7.902075e+02	9.665431e+02
3	7.468135e+02	9.820793e+02
3	7.635035e+02	9.219604e+02
3	7.372005e+02	8.786853e+02
3	7.717249e+02	7.982914e+02
3	8.517273e+02	6.938741e+02
3	9.402704e+02	5.664079e+02
3	9.632890e+02	4.781608e+02
3	9.584149e+02	5.174779e+02
3	9.736853e+02	5.381235e+02
3	9.955315e+02	5.048462e+02
3	1.003984e+03	4.926760e+02
3	1.003779e+03	4.846853e+02
3	1.004033e+03	5.076853e+02
3	1.006252e+03	5.444848e+02
3	1.035918e+03	5.735455e+02
3	1.047310e+03	5.941282e+02
3	1.013753e+03	6.021282e+02
3	9.714103e+02	6.250839e+02
3	1.002140e+03	6.356154e+02
3	9.499044e+02	5.951305e+02
3	9.654056e+02	5.856084e+02
3	9.861282e+02	5.429953e+02
3	1.042986e+03	4.624312e+02
3	9.995105e+02	5.020047e+02
3	8.860793e+02	6.728858e+02
3	8.237902e+02	8.240256e+02
3	7.608741e+02	9.100373e+02
3	6.806434e+02	9.889883e+02
3	6.917809e+02	1.003026e+03
3	6.698345e+02	9.449767e+02
3	7.570769e+02	8.536014e+02
3	8.703170e+02	6.781608e+02
3	1.024914e+03	5.133170e+02
3	1.012189e+03	4.872564e+02
3	9.504382e+02	5.251002e+02
3	1.001023e+03	5.281096e+02
3	1.005310e+03	5.457506e+02
3	1.021650e+03	5.140699e+02
3	1.013814e+03	5.112471e+02
3	1.004587e+03	5.150350e+02
3	1.023133e+03	5.361329e+02
3	1.053438e+03	5.356364e+02
3	1.102124e+03	5.540280e+02
3	1.068245e+03	5.349394e+02
3	1.040406e+03	5.172168e+02
3	1.041998e+03	5.373660e+02
3	1.013590e+03	5.502611e+02
3	1.000541e+03	5.120653e+02
3	9.930210e+02	5.627203e+02
3	9.646270e+02	5.751282e+02
3	9.662378e+02	5.872308e+02
3	1.048030e+03	5.821911e+02
3	1.033550e+03	5.799627e+02
3	1.026448e+03	5.718834e+02
3	1.047147e+03	5.669883e+02
3	1.052394e+03	5.870443e+02
3	1.065995e+03	5.461212e+02
3	1.047051e+03	5.310909e+02
3	1.020580e+03	5.563846e+02
3	9.726807e+02	5.331632e+02
3	9.682914e+02	5.059510e+02
3	1.030853e+03	4.846200e+02
3	9.711935e+02	5.116131e+02
3	9.283054e+02	5.423566e+02
3	9.312378e+02	5.777646e+02
3	9.073566e+02	5.901445e+02
3	9.058415e+02	5.429138e+02
3	9.007739e+02	5.516527e+02
3	8.639837e+02	5.811795e+02
3	8.397436e+02	5.802051e+02
3	8.552821e+02	5.829604e+02
3	8.934685e+02	6.164033e+02
3	8.857809e+02	6.492657e+02
3	8.576597e+02	6.501958e+02
3	8.269744e+02	6.639347e+02
3	8.043147e+02	6.055734e+02
3	8.390699e+02	6.117296e+02
3	8.762214e+02	5.900769e+02
3	8.504079e+02	5.888042e+02
3	8.529860e+02	6.237249e+02
3	8.716713e+02	6.287459e+02
3	9.122564e+02	6.288485e+02
3	9.378834e+02	6.061002e+02
3	9.550210e+02	5.896457e+02
3	9.363287e+02	5.641515e+02
3	9.548019e+02	5.387972e+02
3	1.016965e+03	5.702541e+02
3	1.021138e+03	5.286830e+02
3	9.675105e+02	5.319464e+02
3	9.190536e+02	5.758089e+02
3	8.911142e+02	5.383566e+02
3	9.157739e+02	5.075828e+02
3	8.921702e+02	5.173893e+02
3	8.711655e+02	5.741958e+02
3	8.355781e+02	6.014732e+02
3	9.241515e+02	6.225664e+02
3	9.406783e+02	5.899161e+02
3	9.302984e+02	5.684219e+02
3	9.358671e+02	5.326200e+02
3	9.488625e+02	5.520932e+02
3	9.845851e+02	5.120117e+02
3	1.016044e+03	4.861166e+02
3	1.000909e+03	5.197016e+02
3	1.015357e+03	5.516690e+02
3	1.048830e+03	5.683800e+02
3	1.094476e+03	5.341422e+02
3	1.057809e+03	5.292611e+02
3	1.113193e+03	5.048834e+02
3	1.111809e+03	5.164406e+02
3	1.111175e+03	5.458928e+02
3	1.041009e+03	5.168485e+02
3	1.039569e+03	5.174196e+02
3	1.019280e+03	4.808345e+02
3	9.919114e+02	5.171632e+02
3	9.572727e+02	5.983403e+02
3	9.220816e+02	6.047436e+02
3	9.507133e+02	6.499301e+02
3	9.944266e+02	6.587786e+02
3	9.956573e+02	7.126387e+02
3	1.027457e+03	6.743566e+02
3	1.004963e+03	6.626224e+02
3	1.069016e+03	6.324149e+02
3	9.941235e+02	5.912704e+02
3	9.353846e+02	6.187226e+02
3	8.568858e+02	6.136434e+02
3	8.130816e+02	5.807716e+02
3	8.128438e+02	5.749907e+02
3	8.147622e+02	5.850070e+02
3	8.543007e+02	5.889814e+02
3	8.870909e+02	5.368858e+02
3	9.029860e+02	5.518019e+02
3	9.757552e+02	5.427879e+02
3	9.315291e+02	6.189627e+02
3	9.694172e+02	6.332214e+02
3	1.022981e+03	6.453217e+02
3	1.097608e+03	6.447483e+02
3	1.132807e+03	6.459767e+02
3	1.166117e+03	6.529534e+02
3	1.162410e+03	6.501911e+02
3	1.132501e+03	5.935734e+02
3	1.108972e+03	5.494709e+02
3	1.093100e+03	5.783753e+02
3	9.810606e+02	5.956527e+02
3	9.385781e+02	6.020396e+02
3	9.107413e+02	5.856830e+02
3	8.878042e+02	5.732261e+02
3	8.389394e+02	5.484988e+02
3	8.521795e+02	5.671655e+02
3	8.226037e+02	5.975874e+02
3	8.726084e+02	5.751492e+02
3	8.979790e+02	5.582960e+02
3	9.558928e+02	5.786807e+02
3	9.468648e+02	5.485781e+02
3	9.619720e+02	5.522774e+02
3	9.699650e+02	5.345315e+02
3	9.737669e+02	5.202937e+02
3	9.501049e+02	5.134779e+02
3	9.579534e+02	5.419674e+02
3	9.244312e+02	5.552937e+02
3	1.011807e+03	5.139720e+02
3	1.013138e+03	5.020956e+02
3	1.028226e+03	4.895338e+02
3	9.995478e+02	4.904103e+02
3	1.014338e+03	5.000047e+02
3	1.030284e+03	5.041002e+02
3	1.008739e+03	5.123263e+02
3	9.718065e+02	5.556923e+02
3	9.932657e+02	5.787413e+02
3	9.821049e+02	5.597506e+02
3	1.010583e+03	5.244802e+02
3	9.703706e+02	5.637529e+02
3	9.353077e+02	5.968252e+02
3	9.254615e+02	6.386014e+02
3	9.587319e+02	6.424802e+02
3	9.762331e+02	6.246340e+02
3	9.794755e+02	6.170862e+02
3	9.565618e+02	5.937552e+02
3	9.691608e+02	5.777343e+02
3	9.280233e+02	5.300093e+02
3	8.737529e+02	5.094406e+02
3	8.334662e+02	5.508718e+02
3	8.361748e+02	5.605058e+02
3	8.516737e+02	5.861585e+02
3	8.796946e+02	5.691352e+02
3	8.819767e+02	5.648834e+02
4	8.961958e+02	4.933077e+02
4	9.009580e+02	5.381608e+02
4	8.950210e+02	5.673124e+02
4	8.824825e+02	5.835909e+02
4	8.674406e+02	5.898252e+02
4	8.539930e+02	5.888438e+02
4	8.654779e+02	5.883683e+02
4	8.792028e+02	5.645221e+02
4	8.914266e+02	5.951911e+02
4	8.733706e+02	5.898182e+02
4	8.583217e+02	6.105012e+02
4	8.576876e+02	6.492191e+02
4	8.562098e+02	6.489301e+02
4	8.300396e+02	6.226783e+02
4	7.964615e+02	6.308345e+02
4	7.959347e+02	6.126480e+02
4	8.265571e+02	5.906760e+02
4	8.727063e+02	5.697925e+02
4	8.788345e+02	6.128438e+02
4	9.007552e+02	5.697972e+02
4	9.034266e+02	5.513473e+02
4	9.138415e+02	5.831865e+02
4	8.956807e+02	6.005664e+02
4	9.041212e+02	5.831981e+02
4	8.610256e+02	5.972075e+02
4	8.507552e+02	5.854522e+02
4	8.458345e+02	5.721958e+02
4	8.540513e+02	5.537459e+02
4	8.708951e+02	5.616107e+02
4	8.826643e+02	5.614429e+02
4	8.791795e+02	5.786923e+02
4	8.614662e+02	5.636667e+02
4	8.783730e+02	5.717040e+02
4	8.766177e+02	5.955571e+02
4	8.539977e+02	5.909347e+02
4	8.303916e+02	5.992657e+02
4	8.280186e+02	5.878741e+02
4	8.437413e+02	5.911748e+02
4	8.460956e+02	5.974219e+02
4	8.327156e+02	5.840443e+02
4	8.639814e+02	5.441212e+02
4	8.385128e+02	5.196294e+02
4	8.854009e+02	5.463170e+02
4	8.723520e+02	5.543147e+02
4	9.190746e+02	5.778112e+02
4	9.888368e+02	6.124709e+02
4	9.446573e+02	6.094336e+02
4	9.322611e+02	6.440256e+02
4	8.954522e+02	6.130326e+02
4	8.268089e+02	6.280653e+02
4	8.066457e+02	6.117063e+02
4	7.654452e+02	6.077855e+02
4	7.669207e+02	6.059557e+02
4	7.588135e+02	6.000699e+02
4	7.950862e+02	6.009231e+02
4	8.308998e+02	6.088252e+02
4	7.873427e+02	5.556597e+02
4	8.454056e+02	5.223403e+02
4	8.760979e+02	4.741212e+02
4	9.259930e+02	4.823030e+02
4	9.480606e+02	4.753100e+02
4	9.872657e+02	5.000862e+02
4	1.038807e+03	5.062121e+02
4	1.003357e+03	5.190023e+02
4	9.575291e+02	5.325128e+02
4	9.488438e+02	5.627343e+02
4	9.109394e+02	5.101375e+02
4	9.169371e+02	4.729837e+02
4	9.159627e+02	4.562005e+02
4	9.493846e+02	4.238368e+02
4	9.376131e+02	4.411725e+02
4	9.557832e+02	4.414988e+02
4	9.748718e+02	4.420140e+02
4	9.558345e+02	4.304895e+02
4	9.419534e+02	4.529580e+02
4	9.404499e+02	4.716690e+02
4	8.848834e+02	4.751678e+02
4	8.735198e+02	4.619254e+02
4	9.058089e+02	4.362751e+02
4	8.847413e+02	3.929021e+02
4	8.626737e+02	3.711632e+02
4	8.747855e+02	3.535338e+02
4	8.859417e+02	3.794242e+02
4	9.782098e+02	3.747436e+02
4	9.768974e+02	3.942960e+02
4	1.008529e+03	4.301702e+02
4	1.015604e+03	4.788834e+02
4	1.036177e+03	5.283590e+02
4	1.045145e+03	5.446107e+02
4	1.022841e+03	5.365594e+02
4	1.000273e+03	5.105408e+02
4	9.769417e+02	4.910559e+02
4	8.905734e+02	5.000373e+02
4	9.067786e+02	4.647925e+02
4	8.444965e+02	4.385851e+02
4	8.730466e+02	4.415664e+02
4	8.944662e+02	4.406317e+02
4	8.861981e+02	4.629254e+02
4	9.176107e+02	4.764848e+02
4	9.797576e+02	4.820746e+02
4	9.391305e+02	4.763590e+02
4	9.315804e+02	4.876923e+02
4	9.133566e+02	4.864918e+02
4	9.319814e+02	4.760023e+02
4	9.545478e+02	4.890093e+02
4	9.901049e+02	4.686713e+02
4	1.005077e+03	4.450070e+02
4	1.008317e+03	4.367786e+02
4	1.030431e+03	4.087156e+02
4	1.042657e+03	3.976876e+02
4	9.808974e+02	3.834219e+02
4	1.032275e+03	3.710280e+02
4	1.020788e+03	3.546200e+02
4	9.734476e+02	3.867622e+02
4	9.484266e+02	4.362401e+02
4	9.093380e+02	4.309790e+02
4	8.852494e+02	4.527529e+02
4	8.885944e+02	4.515967e+02
4	9.062634e+02	4.348718e+02
4	9.772517e+02	4.638322e+02
5	5.574825e+02	6.283916e+02
5	6.736154e+02	5.836154e+02
5	7.275664e+02	5.452028e+02
5	7.348520e+02	5.138671e+02
5	7.109883e+02	4.903217e+02
5	6.714918e+02	4.752797e+02
5	6.436084e+02	4.641748e+02
5	6.694172e+02	4.634709e+02
5	6.765967e+02	4.884918e+02
5	6.453217e+02	5.325921e+02
5	6.464336e+02	5.458392e+02
5	6.499627e+02	5.433077e+02
5	6.640466e+02	5.326154e+02
5	6.798648e+02	5.125175e+02
5	6.776294e+02	4.869184e+02
5	6.683147e+02	4.874779e+02
5	6.812471e+02	5.018345e+02
5	6.756410e+02	5.194545e+02
5	6.430373e+02	5.736643e+02
5	6.066270e+02	6.077762e+02
5	5.763753e+02	6.181189e+02
5	5.340629e+02	6.184522e+02
5	5.242401e+02	6.220373e+02
5	5.240140e+02	5.849814e+02
5	5.367902e+02	5.180956e+02
5	5.407063e+02	5.014895e+02
5	5.912284e+02	5.436713e+02
5	5.948858e+02	5.609697e+02
5	6.176364e+02	6.061072e+02
5	6.201445e+02	6.057156e+02
5	6.024126e+02	6.281002e+02
5	5.745804e+02	6.162051e+02
5	5.863450e+02	6.176503e+02
5	5.688555e+02	6.156154e+02
5	5.691725e+02	6.073986e+02
5	5.325385e+02	5.883497e+02
5	5.727133e+02	5.971632e+02
5	5.674545e+02	5.708718e+02
5	5.957902e+02	5.776923e+02
5	5.943427e+02	5.485734e+02
5	5.840932e+02	5.533473e+02
5	5.846247e+02	5.297925e+02
5	6.180886e+02	5.318275e+02
5	6.398042e+02	5.416713e+02
5	6.285431e+02	5.332028e+02
5	6.007086e+02	5.215221e+02
5	6.208811e+02	5.154522e+02
5	6.100140e+02	5.236387e+02
5	6.233660e+02	5.516597e+02
5	6.001282e+02	5.608951e+02
5	5.788834e+02	5.750047e+02
5	5.648998e+02	5.837389e+02
5	5.835944e+02	5.984359e+02
5	5.806131e+02	5.720280e+02
5	5.627832e+02	5.814522e+02
5	5.747529e+02	5.952051e+02
5	5.750536e+02	5.972797e+02
5	5.666573e+02	5.832005e+02
5	5.802960e+02	5.944103e+02
5	5.789534e+02	5.836434e+02
5	6.265035e+02	5.794802e+02
5	6.359417e+02	5.464802e+02
5	6.389767e+02	5.500769e+02
5	6.280862e+02	5.343893e+02
5	6.017040e+02	5.534336e+02
5	5.709627e+02	5.530490e+02
5	5.736177e+02	5.932751e+02
5	5.619604e+02	5.809347e+02
5	5.739138e+02	6.273776e+02
5	6.356597e+02	6.210396e+02
5	6.947040e+02	5.731911e+02
5	6.821445e+02	5.332960e+02
5	6.544522e+02	5.636340e+02
5	6.147483e+02	5.545408e+02
5	5.816993e+02	5.381911e+02
5	5.465641e+02	5.371492e+02
5	5.609347e+02	5.998322e+02
5	5.437016e+02	5.571888e+02
5	5.455012e+02	5.592727e+02
5	5.768415e+02	5.555035e+02
5	5.766830e+02	5.171212e+02
5	5.679883e+02	4.935455e+02
5	5.422075e+02	5.163869e+02
5	5.339021e+02	5.193263e+02
5	5.501678e+02	5.558252e+02
5	5.571538e+02	5.551608e+02
5	5.616923e+02	5.772308e+02
5	5.770396e+02	5.404709e+02
5	5.789627e+02	5.666900e+02
5	5.793170e+02	5.718788e+02
5	5.978275e+02	5.574289e+02
5	6.305967e+02	5.614848e+02
5	6.401515e+02	6.228648e+02
5	6.618928e+02	6.436503e+02
5	6.766317e+02	6.483963e+02
5	6.873193e+02	6.307296e+02
5	6.667855e+02	6.321515e+02
5	6.819161e+02	6.195921e+02
5	6.546760e+02	6.380956e+02
5	6.456620e+02	6.300163e+02
5	6.206946e+02	6.277692e+02
5	6.114615e+02	6.292797e+02
5	6.033776e+02	6.245688e+02
5	5.802214e+02	6.054079e+02
5	5.564476e+02	5.735198e+02
5	5.251562e+02	5.544103e+02
5	5.170140e+02	5.579417e+02
5	5.594662e+02	5.311305e+02
5	5.911142e+02	5.732448e+02
5	6.391026e+02	5.812448e+02
5	6.290093e+02	5.662657e+02
5	6.154196e+02	5.471585e+02
5	5.857343e+02	5.439697e+02
5	5.281702e+02	5.301469e+02
5	5.031585e+02	5.113007e+02
5	5.149814e+02	5.182214e+02
5	5.438322e+02	5.416247e+02
5	6.046946e+02	5.469138e+02
5	6.104545e+02	6.107343e+02
5	6.239324e+02	6.191772e+02
5	6.283869e+02	6.366643e+02
5	5.933846e+02	6.355361e+02
5	5.759837e+02	6.410886e+02
5	6.043636e+02	6.084149e+02
5	6.409557e+02	5.860676e+02
5	6.902214e+02	5.794406e+02
5	7.026340e+02	5.398345e+02
5	6.814779e+02	5.537249e+02
5	6.091142e+02	5.697110e+02
5	5.708578e+02	6.133403e+02
5	5.308578e+02	6.471072e+02
5	4.966713e+02	6.718485e+02
5	4.736760e+02	6.892354e+02
5	4.923030e+02	6.518275e+02
5	4.846620e+02	6.447110e+02
5	4.917622e+02	6.179231e+02
5	5.021492e+02	5.384056e+02
5	4.989464e+02	5.205641e+02
5	5.096387e+02	5.551072e+02
5	5.426387e+02	6.406503e+02
5	5.737832e+02	6.835128e+02
5	6.100886e+02	7.172564e+02
5	5.801072e+02	7.408019e+02
5	5.902401e+02	7.286900e+02
5	5.602238e+02	7.521958e+02
5	5.313077e+02	7.378415e+02
5	4.910396e+02	6.769044e+02
5	4.757879e+02	6.505105e+02
5	4.630862e+02	6.658834e+02
5	4.711259e+02	6.592797e+02
5	4.969487e+02	6.416294e+02
5	5.062890e+02	6.354079e+02
5	4.990280e+02	6.172424e+02
5	4.945991e+02	6.096783e+02
5	4.896503e+02	6.280186e+02
5	5.017133e+02	6.618182e+02
5	4.829441e+02	6.705035e+02
5	4.860210e+02	6.588695e+02
5	4.737249e+02	6.494522e+02
5	4.823240e+02	6.451585e+02
5	4.883217e+02	6.515548e+02
5	4.945828e+02	7.062098e+02
5	4.875874e+02	7.129744e+02
5	4.581352e+02	7.643566e+02
5	4.731935e+02	8.050839e+02
5	4.877576e+02	8.680303e+02
5	4.717622e+02	8.889091e+02
5	4.599487e+02	8.333893e+02
5	4.582284e+02	7.899371e+02
5	4.847249e+02	7.404522e+02
5	4.739720e+02	7.160350e+02
5	4.762751e+02	7.016900e+02
5	4.781515e+02	6.936876e+02
5	4.848182e+02	7.118974e+02
5	5.018112e+02	7.126224e+02
5	5.079114e+02	7.390233e+02
5	5.038765e+02	7.525338e+02
5	4.969720e+02	6.781585e+02
5	5.263240e+02	6.149277e+02
5	5.486270e+02	5.300653e+02
5	5.590676e+02	4.736340e+02
6	8.600000e+02	6.745804e+02
6	8.851259e+02	6.379301e+02
6	8.859883e+02	5.941166e+02
6	8.701678e+02	5.484499e+02
6	8.452448e+02	5.062401e+02
6	8.187995e+02	4.727972e+02
6	8.153450e+02	4.659044e+02
6	8.294848e+02	5.077949e+02
6	7.979184e+02	5.076620e+02
6	8.059464e+02	5.088298e+02
6	8.390303e+02	5.198904e+02
6	8.872517e+02	5.815455e+02
6	8.795012e+02	5.916131e+02
6	8.489068e+02	6.000420e+02
6	8.497133e+02	5.735524e+02
6	8.307249e+02	5.131002e+02
6	7.893916e+02	5.398159e+02
6	7.453217e+02	5.668765e+02
6	6.783077e+02	5.583240e+02
6	7.188438e+02	5.855408e+02
6	7.952075e+02	5.676131e+02
6	8.461422e+02	5.797273e+02
6	8.335664e+02	5.555455e+02
6	8.535082e+02	5.401818e+02
6	9.011235e+02	4.888671e+02
6	9.070723e+02	4.445874e+02
6	8.575478e+02	4.572867e+02
6	8.250256e+02	4.710793e+02
6	8.022121e+02	5.097762e+02
6	7.954988e+02	5.196387e+02
6	7.606643e+02	5.237879e+02
6	6.928695e+02	5.553543e+02
6	6.231445e+02	5.634825e+02
6	6.693869e+02	5.877646e+02
6	7.070466e+02	5.839907e+02
6	7.525618e+02	5.513636e+02
6	7.934172e+02	5.521818e+02
6	8.363333e+02	5.707413e+02
6	8.445058e+02	5.624406e+02
6	8.377506e+02	5.731305e+02
6	7.831655e+02	5.871981e+02
6	7.632051e+02	5.993217e+02
6	7.553170e+02	6.015897e+02
6	7.832168e+02	6.204965e+02
6	7.892844e+02	6.202005e+02
6	8.110373e+02	6.515874e+02
6	8.012890e+02	6.545058e+02
6	7.932517e+02	6.680210e+02
6	7.492378e+02	6.171888e+02
6	7.424872e+02	6.296364e+02
6	6.909464e+02	6.070303e+02
6	7.029580e+02	5.979627e+02
6	7.119883e+02	5.766667e+02
6	7.254033e+02	5.528951e+02
6	7.486830e+02	5.572121e+02
6	7.660210e+02	5.619837e+02
6	7.745804e+02	5.563776e+02
6	8.029301e+02	5.680303e+02
6	7.912890e+02	5.603124e+02
6	8.154499e+02	6.033077e+02
6	8.136993e+02	6.376876e+02
6	8.068415e+02	6.894592e+02
6	7.747576e+02	6.839930e+02
6	7.377879e+02	6.731212e+02
6	7.009837e+02	6.706457e+02
6	6.891748e+02	6.435664e+02
6	6.932261e+02	6.230839e+02
6	7.175221e+02	5.858951e+02
6	7.378438e+02	5.590466e+02
6	8.155361e+02	5.561702e+02
6	8.716807e+02	5.726667e+02
6	8.765758e+02	5.919744e+02
6	8.595175e+02	5.850140e+02
6	8.651026e+02	5.831585e+02
6	8.398205e+02	5.931795e+02
6	8.563636e+02	5.802681e+02
6	8.609021e+02	5.220979e+02
6	8.658695e+02	4.573333e+02
6	9.042214e+02	4.218881e+02
6	9.367902e+02	3.610023e+02
6	9.104545e+02	3.364592e+02
6	8.582098e+02	3.559441e+02
6	8.578182e+02	3.617063e+02
6	8.503380e+02	3.634825e+02
6	8.574452e+02	3.910396e+02
6	8.775781e+02	4.077646e+02
6	8.883077e+02	4.517972e+02
6	8.767040e+02	5.149254e+02
6	8.423753e+02	5.733613e+02
6	8.156830e+02	5.856364e+02
6	8.073566e+02	5.681329e+02
6	8.036713e+02	5.883170e+02
6	8.429441e+02	5.519977e+02
6	8.300723e+02	5.201119e+02
6	8.410559e+02	4.639650e+02
6	8.612751e+02	4.615618e+02
6	8.570816e+02	4.886247e+02
6	8.530793e+02	5.338788e+02
6	7.743100e+02	5.641795e+02
6	7.699977e+02	5.595385e+02
6	7.950280e+02	5.222657e+02
6	7.969580e+02	5.168508e+02
6	7.826713e+02	5.385967e+02
6	7.953660e+02	5.695594e+02
6	8.072890e+02	5.402914e+02
6	8.053636e+02	5.781935e+02
6	8.047762e+02	6.057133e+02
6	8.144266e+02	6.216434e+02
6	7.753217e+02	6.621655e+02
6	8.080793e+02	6.683916e+02
6	7.883730e+02	6.999277e+02
6	7.964685e+02	6.761142e+02
6	7.903846e+02	6.708438e+02
6	8.293590e+02	6.843403e+02
6	8.288252e+02	6.391841e+02
6	7.795851e+02	6.176853e+02
6	7.753497e+02	6.175058e+02
6	7.584755e+02	6.095664e+02
6	7.352704e+02	6.048159e+02
6	7.858788e+02	6.013427e+02
6	7.822075e+02	6.134429e+02
6	8.100280e+02	6.164033e+02
6	8.033310e+02	5.785268e+02
6	7.673124e+02	6.103590e+02
6	7.531096e+02	5.875804e+02
6	7.136900e+02	5.868695e+02
6	6.979021e+02	6.407040e+02
6	6.997925e+02	6.304802e+02
6	7.267179e+02	5.964289e+02
6	8.019231e+02	5.740326e+02
6	8.669464e+02	5.567995e+02
6	8.852657e+02	5.530629e+02
6	9.085291e+02	4.890723e+02
6	8.640536e+02	4.471725e+02
6	8.390233e+02	4.235221e+02
6	7.858765e+02	4.859487e+02
6	7.414545e+02	5.402331e+02
6	7.061795e+02	5.491562e+02
6	7.517506e+02	5.819044e+02
6	7.587879e+02	6.062191e+02
6	7.965548e+02	6.310466e+02
6	8.149883e+02	6.677110e+02
6	7.882424e+02	6.516643e+02
6	7.721702e+02	6.159744e+02
6	7.492401e+02	5.864476e+02
6	7.880769e+02	5.587413e+02
6	7.627226e+02	5.122727e+02
6	7.751096e+02	4.583170e+02
6	8.518065e+02	4.450653e+02
6	9.154172e+02	4.203776e+02
6	1.006655e+03	4.107436e+02
6	1.069692e+03	4.299650e+02
6	9.988182e+02	4.590932e+02
6	1.017357e+03	4.853683e+02
6	9.887133e+02	4.907086e+02
6	9.697203e+02	5.056247e+02
6	8.740583e+02	5.701096e+02
6	8.373706e+02	5.726946e+02
6	8.227156e+02	6.035851e+02
6	8.462634e+02	5.655315e+02
6	8.729371e+02	5.079161e+02
6	8.874522e+02	4.741865e+02
6	8.630932e+02	4.476853e+02
6	9.460326e+02	4.289580e+02
6	9.538228e+02	4.385012e+02
6	9.668345e+02	4.739371e+02
6	9.544592e+02	5.316760e+02
6	9.334382e+02	5.735315e+02
6	8.913706e+02	6.140699e+02
6	8.480443e+02	5.994033e+02
6	8.552191e+02	5.753077e+02
6	8.245641e+02	6.077273e+02
6	8.171049e+02	5.806737e+02
6	8.244476e+02	5.785594e+02
6	7.980163e+02	5.800886e+02
6	7.958578e+02	5.578904e+02
6	7.648531e+02	5.385641e+02
6	7.706643e+02	5.477249e+02
6	7.755828e+02	5.362354e+02
6	7.893263e+02	5.478695e+02
6	8.671352e+02	5.465641e+02
6	8.474615e+02	5.822354e+02
6	8.506573e+02	5.674709e+02
6	8.712028e+02	5.624615e+02
6	8.882471e+02	5.780280e+02
6	8.831375e+02	5.806830e+02
6	8.602984e+02	5.896970e+02
6	8.487925e+02	6.175035e+02
6	8.043566e+02	6.140746e+02
6	7.629534e+02	5.955361e+02
6	7.547296e+02	6.031958e+02
6	7.400583e+02	5.798718e+02
6	7.676084e+02	5.785058e+02
6	8.010373e+02	6.005851e+02
6	8.437902e+02	6.397949e+02
6	8.567413e+02	6.806737e+02
6	8.555361e+02	6.750886e+02
6	8.430606e+02	6.816434e+02
6	8.106876e+02	6.448112e+02
6	8.034545e+02	5.899207e+02
6	8.072075e+02	5.756434e+02
6	8.077203e+02	5.456573e+02
6	8.013846e+02	5.533240e+02
6	8.100373e+02	5.590559e+02
6	8.337040e+02	5.634732e+02
6	8.606527e+02	5.892261e+02
6	8.639464e+02	5.726480e+02
6	8.777436e+02	5.861702e+02
6	8.589814e+02	5.666853e+02
6	8.510443e+02	5.514056e+02
6	8.389441e+02	5.506667e+02
6	7.864825e+02	5.857249e+02
6	7.337716e+02	5.963753e+02
6	7.002191e+02	6.246131e+02
6	7.185944e+02	6.614685e+02
6	7.224522e+02	6.558485e+02
6	7.474639e+02	6.126294e+02
6	8.112611e+02	5.952261e+02
6	8.374709e+02	5.282051e+02
6	8.640723e+02	4.754848e+02
6	8.849790e+02	4.405128e+02
6	8.790909e+02	4.177669e+02
6	8.680443e+02	4.022984e+02
6	8.449324e+02	4.299231e+02
6	8.537925e+02	4.175221e+02
6	8.018345e+02	3.998485e+02
6	8.658298e+02	3.681469e+02
6	9.068019e+02	3.539184e+02
6	9.148904e+02	3.678531e+02
6	9.439790e+02	3.637599e+02
6	9.387599e+02	3.833170e+02
6	9.563566e+02	4.087879e+02
6	9.965361e+02	4.414406e+02
6	9.909953e+02	4.536876e+02
6	9.537879e+02	4.543753e+02
6	9.212844e+02	4.191515e+02
6	9.358322e+02	3.974662e+02
6	9.341375e+02	4.494592e+02
6	9.015291e+02	4.971935e+02
6	8.820140e+02	4.833869e+02
6	8.350070e+02	5.340606e+02
6	8.085548e+02	5.730186e+02
6	8.331935e+02	5.927413e+02
6	8.264033e+02	5.758345e+02
6	8.428671e+02	5.899114e+02
6	8.792704e+02	5.616737e+02
6	8.939977e+02	5.610979e+02
6	9.214918e+02	6.252145e+02
6	9.099674e+02	6.010047e+02
6	9.041655e+02	5.683054e+02
6	8.909907e+02	5.692051e+02
6	8.779837e+02	5.371841e+02
6	9.110373e+02	4.928368e+02
6	9.448555e+02	4.921259e+02
6	1.003240e+03	5.123730e+02
6	1.043867e+03	4.801632e+02
6	1.015210e+03	4.830746e+02
6	9.848601e+02	587
6	9.476573e+02	6.131888e+02
6	9.118881e+02	6.190653e+02
6	8.814289e+02	6.151818e+02
6	8.858159e+02	5.973963e+02
6	8.786014e+02	5.627483e+02
6	8.640303e+02	5.624266e+02
6	8.606107e+02	5.599068e+02
6	8.570117e+02	4.727319e+02
6	7.870140e+02	4.958695e+02
6	8.254522e+02	5.034965e+02
6	9.061026e+02	4.828718e+02
6	9.665105e+02	4.542284e+02
6	9.999347e+02	4.097925e+02
6	1.045499e+03	3.820699e+02
6	1.026301e+03	4.030023e+02
6	9.867459e+02	4.312821e+02
6	9.621538e+02	4.272867e+02
6	8.663380e+02	4.726200e+02
6	8.035594e+02	5.492727e+02
6	7.685221e+02	5.805571e+02
6	7.832611e+02	5.840256e+02
6	7.861422e+02	5.415268e+02
6	8.145501e+02	5.013077e+02
6	8.746690e+02	4.781049e+02
6	8.756503e+02	4.718345e+02
6	9.001422e+02	4.227832e+02
6	9.344709e+02	3.689114e+02
6	9.101469e+02	4.056667e+02
6	9.198135e+02	3.828601e+02
6	8.506434e+02	3.755501e+02
6	8.285944e+02	3.895105e+02
6	8.330326e+02	4.247576e+02
6	8.623706e+02	4.706737e+02
6	8.702681e+02	4.815548e+02
6	8.811748e+02	4.914802e+02
6	8.957855e+02	4.947296e+02
6	9.243986e+02	4.785175e+02
6	9.146480e+02	4.683170e+02
6	9.238998e+02	4.423660e+02
6	9.028345e+02	4.310746e+02
6	8.783217e+02	4.289627e+02
6	9.026387e+02	4.363333e+02
6	8.787086e+02	4.236131e+02
6	8.689510e+02	3.719394e+02
6	9.060117e+02	3.782121e+02
6	8.876620e+02	3.689277e+02
6	8.908228e+02	3.568858e+02
6	8.803497e+02	3.595641e+02
6	9.143986e+02	3.720839e+02
6	9.420420e+02	3.912238e+02
6	9.461748e+02	3.916131e+02
6	9.879441e+02	4.063007e+02
6	9.760629e+02	4.030140e+02
6	1.008732e+03	366
6	1.016138e+03	3.805431e+02
6	9.795711e+02	4.194172e+02
6	9.785524e+02	4.432657e+02
6	1.013452e+03	4.470746e+02
6	1.042657e+03	4.657972e+02
6	1.066235e+03	4.781072e+02
6	1.004077e+03	4.639068e+02
6	9.513030e+02	4.644359e+02
6	9.525245e+02	4.635361e+02
6	9.776527e+02	4.493590e+02
6	9.366853e+02	5.079301e+02
6	8.838788e+02	6.015758e+02
6	9.162005e+02	5.974149e+02
6	9.454825e+02	5.650583e+02
6	9.401235e+02	5.541702e+02
6	9.722634e+02	4.995594e+02
6	9.701632e+02	4.574685e+02
6	9.927319e+02	4.216061e+02
6	1.061061e+03	3.841119e+02
6	1.076807e+03	3.475291e+02
6	1.047520e+03	4.156923e+02
6	9.945455e+02	4.561841e+02
6	1.008604e+03	4.592890e+02
6	9.450303e+02	4.780979e+02
6	9.101795e+02	5.485804e+02
6	9.258275e+02	5.621329e+02
6	9.404196e+02	5.749138e+02
6	9.214755e+02	5.816224e+02
6	8.786387e+02	5.529650e+02
6	8.601748e+02	5.307669e+02
6	8.660909e+02	5.241282e+02
6	8.633963e+02	4.730256e+02
6	8.653543e+02	4.645501e+02
6	8.560606e+02	4.596760e+02
6	8.923776e+02	4.496434e+02
6	9.229720e+02	4.330583e+02
6	9.532984e+02	4.092145e+02
6	9.708228e+02	4.292821e+02
6	9.991795e+02	4.208974e+02
6	1.036070e+03	4.296364e+02
6	1.063030e+03	3.794429e+02
6	1.048091e+03	3.616014e+02
6	9.580816e+02	4.207716e+02
6	9.160793e+02	4.434615e+02
6	9.118858e+02	4.105571e+02
6	8.817343e+02	4.156037e+02
6	8.870839e+02	4.014149e+02
6	9.061725e+02	4.530233e+02
6	9.156037e+02	4.905524e+02
6	8.976527e+02	4.937786e+02
6	9.124126e+02	4.776830e+02
6	8.995128e+02	4.882867e+02
6	8.708485e+02	4.745245e+02
6	9.445991e+02	4.202121e+02
6	9.889184e+02	4.002284e+02
6	9.745408e+02	3.867086e+02
6	9.702937e+02	3.876503e+02
6	9.631445e+02	4.476573e+02
6	9.374266e+02	4.881538e+02
6	9.039487e+02	4.780326e+02
6	9.019441e+02	4.644522e+02
6	8.992005e+02	4.148928e+02
6	9.262797e+02	3.580886e+02
6	9.917483e+02	3.640140e+02
6	1.007273e+03	3.848042e+02
6	1.001133e+03	3.896107e+02
6	9.753310e+02	4.175012e+02
6	9.536177e+02	4.335455e+02
6	9.340210e+02	4.747413e+02
6	9.304592e+02	4.573333e+02
6	9.526830e+02	4.308601e+02
6	9.504872e+02	4.255478e+02
6	9.068485e+02	4.270909e+02
6	9.082448e+02	4.205524e+02
6	9.092914e+02	4.080303e+02
6	8.905431e+02	4.242704e+02
6	8.607156e+02	4.386294e+02
6	8.617319e+02	4.161888e+02
6	8.840233e+02	4.484312e+02
6	8.910466e+02	4.148508e+02
6	9.489347e+02	4.558858e+02
6	9.562424e+02	4.968928e+02
6	9.393590e+02	5.167925e+02
6	9.511772e+02	5.308112e+02
6	9.456923e+02	5.616014e+02
6	9.386457e+02	5.515245e+02
6	9.487319e+02	5.546503e+02
6	9.595105e+02	5.013263e+02
6	9.155105e+02	4.705478e+02
6	8.541748e+02	3.961096e+02
6	8.847156e+02	3.908811e+02
6	9.059231e+02	3.725012e+02
6	9.130559e+02	3.886247e+02
6	8.908275e+02	4.271981e+02
6	8.793566e+02	4.545664e+02
6	8.813310e+02	5.095082e+02
6	8.604755e+02	5.837599e+02
6	8.571399e+02	6.126550e+02
6	7.944755e+02	6.337343e+02
6	7.794779e+02	6.216224e+02
6	8.503916e+02	6.207343e+02
6	9.178485e+02	5.930699e+02
6	9.690886e+02	5.437925e+02
6	1.001044e+03	4.872727e+02
6	1.060245e+03	4.581841e+02
6	1.107564e+03	452
6	1.112368e+03	4.124242e+02
6	1.111326e+03	4.144942e+02
6	1.041960e+03	4.530000e+02
6	1.000175e+03	4.941538e+02
6	9.855944e+02	5.370793e+02
6	9.596923e+02	5.894289e+02
6	9.378252e+02	6.188904e+02
6	9.028112e+02	6.408298e+02
6	8.701608e+02	6.461981e+02
6	8.846573e+02	6.177739e+02
6	8.936830e+02	5.623263e+02
6	8.971399e+02	5.242238e+02
6	8.645804e+02	5.090746e+02
6	8.484336e+02	4.586783e+02
6	8.113357e+02	4.381049e+02
6	8.071608e+02	4.470746e+02
6	8.512890e+02	4.551748e+02
6	8.323683e+02	4.429744e+02
6	8.339417e+02	4.435664e+02
6	8.869860e+02	4.614522e+02
6	9.270559e+02	4.288159e+02
6	9.500420e+02	3.961166e+02
6	9.325711e+02	4.067063e+02
6	9.207110e+02	4.276434e+02
6	8.868392e+02	4.762984e+02
6	8.982890e+02	4.851352e+02
6	9.440699e+02	4.864056e+02
6	9.417646e+02	4.325175e+02
6	9.479650e+02	4.324918e+02
6	9.442727e+02	4.266783e+02
6	9.616993e+02	3.976667e+02
6	9.491655e+02	3.775012e+02
6	9.432867e+02	3.859557e+02
6	9.230186e+02	4.111422e+02
6	9.261562e+02	4.275758e+02
6	9.701655e+02	4.151538e+02
6	9.947226e+02	4.147925e+02
6	1.015760e+03	3.594569e+02
6	1.024189e+03	3.748298e+02
6	1.082932e+03	3.521399e+02
6	1.089762e+03	3.725711e+02
6	1.011065e+03	3.747902e+02
6	9.567273e+02	3.608788e+02
6	9.087925e+02	3.662634e+02
6	8.849324e+02	3.871981e+02
6	9.012214e+02	3.873776e+02
6	8.923660e+02	4.138555e+02
6	9.698625e+02	4.121445e+02
6	1.053683e+03	4.263800e+02
6	1.098338e+03	4.125105e+02
6	1.054963e+03	4.523100e+02
6	9.707786e+02	4.560793e+02
6	9.508065e+02	4.654918e+02
6	9.223333e+02	4.950490e+02
6	8.606107e+02	5.189417e+02
6	8.772261e+02	4.624918e+02
6	9.231538e+02	5.014499e+02
6	9.742424e+02	4.973427e+02
6	9.813357e+02	4.658159e+02
6	9.398135e+02	4.573310e+02
6	8.975921e+02	4.570140e+02
6	8.630256e+02	4.846177e+02
6	8.718741e+02	5.230559e+02
6	8.443450e+02	5.503240e+02
6	8.249907e+02	5.498042e+02
6	8.642378e+02	5.489114e+02
6	8.266527e+02	6.094103e+02
6	7.664942e+02	6.073100e+02
6	7.176550e+02	5.799441e+02
6	6.548438e+02	5.638834e+02
6	6.371072e+02	5.492821e+02
6	6.224662e+02	5.445058e+02
6	6.730793e+02	5.222867e+02
6	7.283730e+02	5.019907e+02
6	8.211538e+02	5.104009e+02
6	8.502867e+02	5.543986e+02
6	8.469720e+02	5.798625e+02
6	8.606620e+02	6.082401e+02
6	8.728368e+02	6.106107e+02
6	8.856667e+02	5.728671e+02
6	9.013217e+02	4.809021e+02
6	9.219720e+02	3.206084e+02
7	1.237741e+03	5.471469e+02
7	1.214399e+03	6.295105e+02
7	1.217995e+03	6.723124e+02
7	1.238524e+03	6.850466e+02
7	1.265979e+03	6.772075e+02
7	1.290352e+03	6.582890e+02
7	1.274704e+03	6.500676e+02
7	1.211058e+03	6.355338e+02
7	1.229844e+03	6.388485e+02
7	1.170718e+03	6.800769e+02
7	1.128590e+03	7.217972e+02
7	9.722121e+02	7.593986e+02
7	9.004755e+02	8.252704e+02
7	8.788042e+02	8.504848e+02
7	9.149161e+02	8.321492e+02
7	9.941655e+02	8.155082e+02
7	1.008776e+03	7.951515e+02
7	1.093995e+03	7.532238e+02
7	1.146152e+03	7.710699e+02
7	1.169937e+03	7.678741e+02
7	1.123096e+03	7.763986e+02
7	1.046993e+03	8.166667e+02
7	1.065643e+03	8.033520e+02
7	1.011632e+03	7.806573e+02
7	9.991608e+02	7.745128e+02
7	1.040977e+03	7.484359e+02
7	1.017497e+03	7.633007e+02
7	1.064424e+03	7.221189e+02
7	1.046510e+03	7.648135e+02
7	1.008953e+03	7.903893e+02
7	9.659091e+02	8.090023e+02
7	9.630420e+02	8.448508e+02
7	9.463730e+02	8.296084e+02
7	9.139394e+02	8.055921e+02
7	9.592704e+02	8.237063e+02
7	1.014016e+03	8.318531e+02
7	9.697110e+02	8.089580e+02
7	1.040676e+03	7.292261e+02
7	1.083795e+03	6.976620e+02
7	1.131860e+03	6.705385e+02
7	1.134739e+03	6.498112e+02
7	1.083494e+03	6.666200e+02
7	1.005331e+03	6.738089e+02
7	1.020944e+03	6.573077e+02
7	9.611772e+02	7.373986e+02
7	8.743124e+02	7.347203e+02
7	8.308625e+02	7.421119e+02
7	9.507716e+02	7.152751e+02
7	1.006688e+03	6.606993e+02
7	1.111809e+03	6.814382e+02
7	1.143268e+03	6.845361e+02
7	1.159734e+03	6.643357e+02
7	1.198911e+03	6.712471e+02
7	1.230420e+03	6.294615e+02
7	1.133231e+03	6.858648e+02
7	1.109795e+03	6.431329e+02
7	1.134559e+03	6.963893e+02
7	1.148510e+03	6.699650e+02
7	1.172967e+03	6.507203e+02
7	1.217625e+03	6.843916e+02
7	1.213753e+03	7.063030e+02
7	1.201354e+03	7.073263e+02
7	1.164988e+03	7.155245e+02
7	1.092786e+03	7.287529e+02
7	1.035224e+03	8.031748e+02
7	1.021925e+03	7.843007e+02
7	1.032473e+03	7.957249e+02
7	9.915991e+02	8.121655e+02
7	1.026331e+03	8.407203e+02
7	1.054713e+03	8.428485e+02
7	1.094005e+03	8.070723e+02
7	1.147653e+03	7.408811e+02
7	1.133988e+03	7.114639e+02
7	1.168142e+03	6.797086e+02
7	1.190396e+03	6.423613e+02
7	1.162550e+03	6.244709e+02
7	1.174406e+03	6.290373e+02
7	1.135744e+03	7.123939e+02
7	1.111424e+03	7.934499e+02
7	1.126809e+03	7.481142e+02
7	1.098655e+03	8.128928e+02
7	1.044403e+03	8.569464e+02
7	9.565664e+02	9.152214e+02
7	9.957133e+02	8.894685e+02
7	1.038249e+03	8.494219e+02
7	1.030797e+03	8.407972e+02
7	1.094848e+03	7.570326e+02
7	1.153317e+03	7.052541e+02
7	1.181536e+03	6.438065e+02
7	1.159814e+03	5.130163e+02
7	1.114142e+03	5.954312e+02
7	1.037711e+03	6.256434e+02
7	9.984942e+02	6.515618e+02
7	1.070711e+03	6.899371e+02
7	1.127366e+03	7.232611e+02
7	1.131949e+03	7.282238e+02
7	1.184322e+03	7.528601e+02
7	1.175100e+03	7.828904e+02
7	1.151839e+03	7.760000e+02
7	1.142497e+03	7.101212e+02
7	1.190415e+03	6.885758e+02
7	1.200422e+03	6.731562e+02
7	1.196951e+03	5.965897e+02
7	1.198347e+03	5.670233e+02
7	1.167995e+03	5.694685e+02
7	1.140168e+03	5.372704e+02
7	1.143513e+03	5.951748e+02
7	1.122366e+03	6.218741e+02
7	1.097965e+03	6.100396e+02
7	1.105443e+03	6.170769e+02
7	1.121399e+03	6.722541e+02
7	1.101492e+03	7.270606e+02
7	1.032627e+03	7.214103e+02
7	9.574522e+02	7.707669e+02
7	9.824709e+02	8.282517e+02
7	9.891375e+02	8.050256e+02
7	1.069744e+03	7.755245e+02
7	1.134683e+03	7.182331e+02
7	1.117033e+03	6.779930e+02
7	1.139331e+03	6.407040e+02
7	1.164147e+03	6.249277e+02
7	1.124110e+03	6.102331e+02
7	1.046818e+03	6.321235e+02
7	1.008117e+03	6.614522e+02
7	1.046818e+03	6.881562e+02
7	9.669510e+02	7.074639e+02
7	9.773939e+02	7.186364e+02
7	1.002543e+03	7.300629e+02
7	1.027333e+03	7.443077e+02
7	1.138732e+03	7.373893e+02
7	1.182895e+03	7.345897e+02
7	1.195741e+03	7.789441e+02
7	1.158599e+03	7.814545e+02
7	1.148179e+03	8.199767e+02
7	1.118524e+03	8.261235e+02
7	1.007559e+03	8.159277e+02
7	9.797832e+02	7.915385e+02
7	9.778019e+02	7.578135e+02
7	9.541375e+02	7.732564e+02
7	9.560769e+02	7.759557e+02
7	9.406737e+02	7.498765e+02
7	1.007417e+03	7.695268e+02
7	1.013606e+03	7.564149e+02
7	1.045608e+03	7.805128e+02
7	1.056338e+03	7.324918e+02
7	1.048270e+03	7.280746e+02
7	1.068818e+03	7.225385e+02
7	1.028751e+03	7.217063e+02
7	1.004175e+03	7.829068e+02
7	1.034459e+03	8.241585e+02
7	1.044119e+03	8.264033e+02
7	1.068515e+03	8.042168e+02
7	9.646690e+02	7.455431e+02
7	8.631166e+02	6.324732e+02
8	8.564336e+02	5.976014e+02
8	7.722727e+02	6.904336e+02
8	7.065198e+02	7.254895e+02
8	6.591166e+02	7.162471e+02
8	6.300047e+02	6.761841e+02
8	6.191259e+02	6.187786e+02
8	5.943380e+02	5.989557e+02
8	6.609953e+02	5.198065e+02
8	7.482051e+02	4.921002e+02
8	8.316200e+02	4.528368e+02
8	9.043543e+02	4.400536e+02
8	9.114802e+02	4.154172e+02
8	9.241096e+02	4.613893e+02
8	9.111678e+02	5.096876e+02
8	8.349790e+02	5.646760e+02
8	7.537529e+02	6.381935e+02
8	6.896527e+02	7.132005e+02
8	6.912424e+02	7.368974e+02
8	6.633100e+02	7.416993e+02
8	7.077646e+02	7.322121e+02
8	7.290047e+02	7.006294e+02
8	6.930956e+02	6.807436e+02
8	6.948508e+02	6.946247e+02
8	6.796993e+02	7.194196e+02
8	6.152308e+02	7.240746e+02
8	5.794312e+02	7.438019e+02
8	6.086364e+02	7.262914e+02
8	6.467110e+02	6.768951e+02
8	6.737622e+02	6.145897e+02
8	7.442238e+02	5.525385e+02
8	7.838858e+02	4.802541e+02
8	8.185828e+02	4.157016e+02
8	8.201072e+02	3.689767e+02
8	8.309650e+02	3.935664e+02
8	7.309371e+02	4.491562e+02
8	6.851072e+02	5.214359e+02
8	6.935175e+02	5.647203e+02
8	6.600047e+02	6.263170e+02
8	6.328322e+02	6.933660e+02
8	6.395734e+02	7.223730e+02
8	6.470909e+02	7.243403e+02
8	6.854592e+02	6.878322e+02
8	6.944615e+02	6.945688e+02
8	7.303566e+02	6.867389e+02
8	6.702727e+02	7.063217e+02
8	7.271399e+02	6.892121e+02
8	7.599301e+02	6.552634e+02
8	7.857063e+02	6.584149e+02
8	8.250793e+02	6.588345e+02
8	8.485478e+02	6.325175e+02
8	8.417506e+02	6.312191e+02
8	8.301888e+02	6.541865e+02
8	8.064056e+02	6.670559e+02
8	7.259510e+02	6.914429e+02
8	6.378671e+02	6.958555e+02
8	6.385618e+02	6.544382e+02
8	6.318228e+02	6.231632e+02
8	6.697459e+02	5.681305e+02
8	6.895361e+02	5.319324e+02
8	7.035408e+02	5.281492e+02
8	7.179324e+02	5.324872e+02
8	7.401026e+02	5.213287e+02
8	7.766993e+02	4.744592e+02
8	7.749977e+02	4.758228e+02
8	7.765221e+02	4.907040e+02
8	7.720769e+02	4.989231e+02
8	7.561259e+02	5.369114e+02
8	7.637179e+02	5.883939e+02
8	7.627552e+02	6.775897e+02
8	7.626946e+02	7.612098e+02
8	7.448205e+02	7.999860e+02
8	7.440117e+02	7.890420e+02
8	7.534382e+02	7.439161e+02
8	7.159044e+02	7.004033e+02
8	7.229697e+02	7.258788e+02
8	6.808485e+02	6.862611e+02
8	5.995618e+02	6.393357e+02
9	9.717902e+02	6.240140e+02
9	9.633776e+02	5.882448e+02
9	9.646480e+02	5.631375e+02
9	9.726084e+02	5.455921e+02
9	9.842657e+02	5.325082e+02
9	9.966270e+02	5.207855e+02
9	9.888322e+02	5.087179e+02
9	9.918718e+02	4.814685e+02
9	1.006214e+03	4.482051e+02
9	9.993310e+02	4.213916e+02
9	1.058552e+03	4.058438e+02
9	1.041254e+03	3.890653e+02
9	1.054956e+03	4.069720e+02
9	1.065254e+03	4.301329e+02
9	1.060326e+03	4.364103e+02
9	1.069322e+03	4.192704e+02
9	1.047890e+03	4.280956e+02
9	9.724056e+02	4.411608e+02
9	9.644895e+02	4.644126e+02
9	9.208275e+02	4.776620e+02
9	9.326410e+02	5.014569e+02
9	9.205455e+02	5.130559e+02
9	9.668671e+02	4.864895e+02
9	994	4.937040e+02
9	9.888345e+02	4.762587e+02
9	9.800816e+02	4.493963e+02
9	1.027277e+03	4.419207e+02
9	1.032086e+03	4.240210e+02
9	1.051261e+03	4.180350e+02
9	1.048084e+03	4.117343e+02
9	1.052807e+03	4.358392e+02
9	1.102364e+03	4.581818e+02
9	1.134730e+03	4.774429e+02
9	1.083702e+03	5.211422e+02
9	1.011555e+03	5.409837e+02
9	9.687156e+02	5.644149e+02
9	1.008513e+03	5.431026e+02
9	1.035555e+03	4.930629e+02
9	1.056387e+03	4.668159e+02
9	1.102371e+03	4.398322e+02
9	1.099636e+03	4.131399e+02
9	1.095490e+03	4.350536e+02
9	1.091937e+03	4.380280e+02
9	1.029298e+03	4.435664e+02
9	1.017890e+03	4.787786e+02
9	9.785688e+02	5.247739e+02
9	9.562937e+02	5.260163e+02
9	9.730746e+02	5.017366e+02
9	9.760466e+02	4.967459e+02
9	9.790256e+02	4.929580e+02
9	9.473124e+02	4.634918e+02
9	9.628508e+02	4.859184e+02
9	9.920070e+02	4.706970e+02
9	1.016417e+03	4.608928e+02
9	1.075287e+03	4.792378e+02
9	1.059172e+03	4.851399e+02
9	1.019559e+03	4.798112e+02
9	1.002753e+03	4.640606e+02
9	9.901841e+02	4.499534e+02
9	9.411352e+02	4.411888e+02
9	9.497249e+02	4.519417e+02
9	9.262191e+02	5.159534e+02
9	8.892844e+02	5.564848e+02
9	9.010816e+02	5.427972e+02
9	9.288392e+02	5.485967e+02
9	9.094615e+02	5.269441e+02
9	9.116783e+02	5.066294e+02
9	9.750490e+02	4.644056e+02
9	1.046163e+03	4.193240e+02
9	1.030021e+03	4.137995e+02
9	1.079664e+03	4.523030e+02
9	1.032923e+03	4.627762e+02
9	1.003301e+03	5.169091e+02
9	9.817809e+02	5.293473e+02
9	9.284406e+02	5.489044e+02
9	9.149557e+02	5.726690e+02
9	9.333100e+02	5.547343e+02
9	9.443497e+02	5.551748e+02
9	9.364336e+02	5.556573e+02
9	9.153497e+02	5.383077e+02
9	9.223054e+02	5.159580e+02
9	9.272704e+02	4.747063e+02
9	9.608625e+02	4.711375e+02
9	9.419883e+02	4.416061e+02
9	9.260979e+02	4.207319e+02
9	9.699814e+02	4.318462e+02
9	9.406364e+02	4.378392e+02
9	9.232261e+02	4.890723e+02
9	9.220583e+02	4.904592e+02
9	9.444848e+02	5.056037e+02
9	9.746643e+02	5.033520e+02
9	9.400280e+02	4.809510e+02
