1	8.737622e+02	7.661329e+02
1	8.220280e+02	7.390909e+02
1	7.886597e+02	7.335967e+02
1	7.690047e+02	7.420396e+02
1	7.584103e+02	7.568089e+02
1	7.522238e+02	7.702937e+02
1	7.316550e+02	7.566923e+02
1	7.103963e+02	7.262238e+02
1	7.137179e+02	7.128648e+02
1	7.254079e+02	6.519627e+02
1	7.539627e+02	6.460233e+02
1	7.720769e+02	6.470093e+02
1	7.950769e+02	5.841235e+02
1	7.777622e+02	6.039021e+02
1	7.608345e+02	6.452354e+02
1	6.899953e+02	6.286294e+02
1	6.521096e+02	6.461655e+02
1	6.300956e+02	6.880653e+02
1	6.439510e+02	6.908252e+02
1	6.788182e+02	6.969114e+02
1	7.190653e+02	7.347529e+02
1	7.390816e+02	7.417133e+02
1	7.571702e+02	7.271259e+02
1	7.611702e+02	7.620093e+02
1	7.507925e+02	7.539184e+02
1	7.012261e+02	7.274336e+02
1	7.024965e+02	7.338228e+02
1	6.867086e+02	7.439907e+02
1	6.656946e+02	7.234895e+02
1	6.792028e+02	7.005128e+02
1	7.136667e+02	7.426900e+02
1	7.396387e+02	7.651655e+02
1	7.853100e+02	7.494639e+02
1	8.457972e+02	7.258392e+02
1	8.589091e+02	6.785944e+02
1	8.388648e+02	6.426037e+02
1	8.557552e+02	5.762960e+02
1	8.602681e+02	5.140886e+02
1	8.364545e+02	4.865221e+02
1	8.032657e+02	4.862284e+02
1	8.041072e+02	5.292261e+02
1	7.926131e+02	5.264685e+02
1	8.021702e+02	5.186620e+02
1	7.914592e+02	5.392308e+02
1	8.005501e+02	5.460280e+02
1	7.948555e+02	5.359114e+02
1	8.151585e+02	4.910093e+02
1	8.206387e+02	4.784755e+02
1	8.261562e+02	4.542051e+02
1	7.925221e+02	4.793007e+02
1	7.972937e+02	4.627343e+02
1	7.682214e+02	4.942960e+02
1	7.775268e+02	4.977063e+02
1	7.854103e+02	5.135152e+02
1	8.251655e+02	5.067809e+02
1	8.209580e+02	5.173077e+02
1	8.610303e+02	5.333590e+02
1	8.834639e+02	5.323310e+02
1	9.183660e+02	5.034196e+02
1	8.734685e+02	5.235688e+02
1	8.517879e+02	5.137389e+02
1	8.506061e+02	4.900070e+02
1	8.907110e+02	4.830280e+02
1	9.008112e+02	4.530490e+02
1	9.178042e+02	4.675944e+02
1	9.203357e+02	4.703939e+02
1	9.791049e+02	4.835828e+02
1	9.680093e+02	4.848089e+02
1	9.688089e+02	4.895571e+02
1	9.527529e+02	4.745361e+02
1	9.295711e+02	4.832821e+02
1	9.344895e+02	4.643287e+02
1	9.138881e+02	5.102191e+02
1	9.103636e+02	4.518904e+02
1	8.949301e+02	4.788928e+02
1	9.275967e+02	4.558298e+02
1	9.419371e+02	4.826597e+02
1	9.283100e+02	5.047319e+02
1	9.382261e+02	4.968741e+02
1	9.203380e+02	4.647739e+02
1	9.513193e+02	4.924079e+02
1	9.534452e+02	4.579394e+02
1	9.271911e+02	4.251259e+02
1	9.448438e+02	4.146061e+02
1	9.238998e+02	4.327809e+02
1	9.418252e+02	4.788951e+02
1	9.475688e+02	5.479697e+02
1	9.842378e+02	5.921049e+02
1	9.859697e+02	6.107739e+02
1	9.455524e+02	6.082168e+02
1	9.846317e+02	5.972401e+02
1	9.276713e+02	5.439837e+02
1	8.768741e+02	5.145548e+02
1	8.925082e+02	4.999697e+02
1	8.369860e+02	4.601678e+02
1	7.713473e+02	4.789138e+02
1	7.795035e+02	4.945548e+02
1	8.078089e+02	4.795431e+02
1	8.552471e+02	4.826154e+02
1	8.342424e+02	4.743310e+02
1	8.588368e+02	4.671911e+02
1	8.184079e+02	5.113916e+02
1	8.349674e+02	5.541049e+02
1	8.599487e+02	5.747599e+02
1	8.382424e+02	5.916597e+02
1	7.974196e+02	5.679744e+02
1	7.889837e+02	5.630023e+02
1	7.942564e+02	5.387110e+02
1	8.328928e+02	5.305828e+02
1	8.387762e+02	4.831818e+02
1	8.582984e+02	4.660420e+02
1	8.505268e+02	4.748019e+02
1	9.218928e+02	4.768462e+02
1	9.082867e+02	4.649417e+02
1	9.712657e+02	4.487646e+02
1	9.445501e+02	4.182168e+02
1	9.264289e+02	4.062704e+02
1	9.100490e+02	4.223357e+02
1	8.898322e+02	4.288555e+02
1	8.901725e+02	3.897273e+02
1	8.829557e+02	4.278671e+02
1	8.673543e+02	4.487716e+02
1	8.780070e+02	4.532051e+02
1	8.836643e+02	4.889557e+02
1	9.140466e+02	5.259021e+02
1	9.371119e+02	5.298112e+02
1	1.007904e+03	5.008019e+02
1	1.060904e+03	4.815594e+02
1	1.049664e+03	4.585874e+02
1	1.035000e+03	4.161608e+02
1	9.990443e+02	4.737179e+02
1	9.369744e+02	4.868625e+02
1	8.911305e+02	5.147086e+02
1	8.513263e+02	5.418112e+02
1	7.968205e+02	5.487832e+02
1	8.558042e+02	5.402378e+02
1	8.599930e+02	5.144848e+02
1	8.849534e+02	4.880326e+02
1	8.944359e+02	4.608951e+02
1	9.085058e+02	4.604429e+02
1	9.433030e+02	4.780653e+02
1	9.681375e+02	4.879301e+02
1	1.006448e+03	5.311399e+02
1	9.975851e+02	5.487692e+02
1	9.744219e+02	5.686037e+02
1	9.579091e+02	5.643566e+02
1	8.352378e+02	5.579068e+02
1	8.331725e+02	5.355128e+02
1	8.142145e+02	5.080163e+02
1	7.778275e+02	4.688205e+02
1	8.001166e+02	4.598205e+02
1	8.104569e+02	4.898834e+02
1	8.434242e+02	5.121725e+02
1	8.611422e+02	5.039277e+02
1	8.897809e+02	4.923986e+02
1	9.109277e+02	4.973217e+02
1	8.710466e+02	5.129161e+02
1	8.806457e+02	5.163497e+02
1	8.689580e+02	4.955664e+02
1	8.503100e+02	4.413800e+02
1	8.360769e+02	4.919837e+02
1	7.967669e+02	4.867529e+02
1	7.728345e+02	4.939161e+02
1	8.037786e+02	4.721515e+02
1	8.465128e+02	4.847716e+02
1	8.697995e+02	5.063147e+02
1	8.731608e+02	5.336247e+02
1	8.611235e+02	5.590186e+02
1	9.185082e+02	5.347972e+02
1	9.610256e+02	5.366131e+02
1	9.712168e+02	5.396830e+02
1	9.519650e+02	5.425455e+02
1	9.129907e+02	5.641655e+02
1	8.966457e+02	5.547483e+02
1	8.713893e+02	5.697110e+02
1	8.764895e+02	5.840932e+02
1	8.805385e+02	5.521562e+02
1	8.698741e+02	5.603263e+02
1	9.362681e+02	5.481259e+02
1	9.742471e+02	5.641725e+02
1	9.999324e+02	5.620490e+02
1	9.410932e+02	5.769161e+02
1	9.085548e+02	5.735618e+02
1	8.918695e+02	5.487669e+02
1	8.940606e+02	5.515897e+02
1	8.893287e+02	5.220186e+02
1	8.797995e+02	4.655035e+02
1	8.834848e+02	4.930862e+02
1	8.662517e+02	4.854639e+02
1	8.114429e+02	5.065804e+02
1	8.256410e+02	5.303450e+02
1	8.037855e+02	5.579767e+02
1	8.196783e+02	5.553963e+02
1	8.836037e+02	5.225711e+02
1	8.900746e+02	5.331608e+02
1	8.974755e+02	5.418834e+02
1	9.150559e+02	5.866200e+02
1	9.028928e+02	5.962214e+02
1	9.098998e+02	5.801026e+02
1	9.292541e+02	5.939324e+02
1	9.609301e+02	5.619021e+02
1	9.573310e+02	5.567343e+02
1	9.584033e+02	4.999417e+02
1	9.980513e+02	4.603124e+02
1	9.723753e+02	4.692611e+02
1	9.905105e+02	4.782448e+02
1	9.645734e+02	5.237110e+02
1	9.142261e+02	4.770862e+02
1	9.528904e+02	4.801049e+02
1	9.736713e+02	5.120303e+02
1	9.359231e+02	4.751072e+02
1	8.767925e+02	4.691608e+02
1	8.296434e+02	4.718135e+02
1	8.056410e+02	4.826970e+02
1	8.012051e+02	5.055385e+02
1	8.308275e+02	5.168182e+02
1	8.323427e+02	5.176620e+02
1	8.691748e+02	4.854499e+02
1	9.630350e+02	5.054942e+02
2	6.109371e+02	7.801259e+02
2	6.029930e+02	7.357413e+02
2	6.072587e+02	7.116946e+02
2	6.206131e+02	7.037739e+02
2	6.399347e+02	7.077669e+02
2	6.621026e+02	7.194615e+02
2	6.643963e+02	7.155058e+02
2	7.127762e+02	7.276364e+02
2	7.254615e+02	7.876387e+02
2	7.342168e+02	7.878671e+02
2	7.044569e+02	7.973753e+02
2	6.878042e+02	7.838858e+02
2	6.728765e+02	7.775501e+02
2	6.316503e+02	7.257133e+02
2	5.958368e+02	7.296457e+02
2	5.776131e+02	6.897436e+02
2	5.713730e+02	6.686410e+02
2	5.869487e+02	6.544942e+02
2	5.894172e+02	7.017762e+02
2	6.122774e+02	7.001329e+02
2	5.887669e+02	7.143869e+02
2	6.039883e+02	7.446364e+02
2	5.992121e+02	7.398042e+02
2	5.927902e+02	6.796037e+02
2	6.224079e+02	6.822587e+02
2	6.174312e+02	6.456503e+02
2	6.389184e+02	6.318974e+02
2	6.596760e+02	6.097576e+02
2	6.753193e+02	6.346923e+02
2	6.841958e+02	6.068508e+02
2	6.599207e+02	6.082564e+02
2	6.674126e+02	6.600443e+02
2	6.353823e+02	6.725711e+02
2	6.863287e+02	6.771469e+02
2	7.231888e+02	6.684942e+02
2	7.195781e+02	6.754312e+02
2	7.337343e+02	7.071935e+02
2	7.004149e+02	7.216550e+02
2	7.031142e+02	7.260979e+02
2	6.667273e+02	7.059324e+02
2	6.578252e+02	7.119814e+02
2	6.416713e+02	6.943963e+02
2	6.347203e+02	6.795082e+02
2	6.824522e+02	6.780629e+02
2	6.884242e+02	6.636713e+02
2	6.977879e+02	6.478275e+02
2	6.846177e+02	6.567576e+02
2	6.542424e+02	6.534522e+02
2	6.829114e+02	6.484103e+02
2	6.852051e+02	6.454172e+02
2	7.174196e+02	6.785152e+02
2	6.963800e+02	6.724802e+02
2	7.114336e+02	7.018671e+02
2	6.924312e+02	7.236434e+02
2	6.865478e+02	7.493124e+02
2	6.804429e+02	7.557226e+02
2	6.578182e+02	7.329604e+02
2	6.684149e+02	7.329580e+02
2	6.627389e+02	7.277016e+02
2	6.640769e+02	7.066876e+02
2	6.784172e+02	7.112098e+02
2	6.533590e+02	6.776200e+02
2	6.302657e+02	6.537786e+02
2	6.091585e+02	6.443497e+02
2	5.992028e+02	6.634079e+02
2	6.137552e+02	6.822587e+02
2	6.358601e+02	6.546084e+02
2	6.554009e+02	6.863660e+02
2	6.401119e+02	6.862774e+02
2	6.480676e+02	6.971142e+02
2	6.417366e+02	6.921399e+02
2	6.096923e+02	6.815711e+02
2	5.935315e+02	6.831142e+02
2	6.090513e+02	6.878065e+02
2	6.341469e+02	7.183753e+02
2	6.858928e+02	7.399371e+02
2	7.142471e+02	7.330256e+02
2	6.871119e+02	7.286177e+02
2	6.722681e+02	7.008625e+02
2	6.650443e+02	6.960723e+02
2	6.353427e+02	6.883403e+02
2	6.053007e+02	6.788881e+02
2	6.020280e+02	6.880862e+02
2	6.161632e+02	6.906690e+02
2	6.495128e+02	7.227552e+02
2	6.284639e+02	7.502494e+02
2	6.482914e+02	7.414289e+02
2	6.285128e+02	7.439977e+02
2	6.563543e+02	7.331515e+02
2	6.747483e+02	7.236294e+02
2	6.985991e+02	7.429091e+02
2	6.588089e+02	7.099254e+02
2	6.619860e+02	7.304382e+02
2	6.470606e+02	7.009534e+02
2	6.575594e+02	7.135897e+02
2	6.401166e+02	7.125921e+02
2	6.518531e+02	6.939464e+02
2	6.589814e+02	7.245548e+02
2	6.894942e+02	7.264149e+02
2	6.724942e+02	7.080769e+02
2	6.920047e+02	6.629441e+02
2	6.659301e+02	6.274848e+02
2	6.669697e+02	6.629674e+02
2	6.352634e+02	6.508695e+02
2	6.138345e+02	6.856807e+02
2	5.685944e+02	7.386224e+02
2	5.608625e+02	7.682634e+02
2	5.956200e+02	8.081911e+02
2	6.343310e+02	7.994312e+02
2	6.730070e+02	7.508998e+02
2	7.440839e+02	7.022844e+02
2	7.727366e+02	6.852378e+02
2	7.885245e+02	6.722331e+02
2	7.751748e+02	6.788065e+02
2	7.374988e+02	6.942378e+02
2	6.937902e+02	7.088904e+02
2	6.845524e+02	6.649883e+02
2	6.785781e+02	6.549837e+02
2	6.792960e+02	6.607972e+02
2	6.734709e+02	6.777483e+02
2	6.583869e+02	6.936830e+02
2	6.847506e+02	7.109277e+02
2	6.788718e+02	7.210490e+02
2	6.584639e+02	7.629347e+02
2	6.560746e+02	7.675897e+02
2	6.323473e+02	7.659837e+02
2	6.224056e+02	7.293893e+02
2	6.419021e+02	7.117552e+02
2	6.567179e+02	6.987459e+02
2	6.646760e+02	7.052890e+02
2	6.775058e+02	6.864569e+02
2	7.019138e+02	6.711049e+02
2	6.569814e+02	6.537016e+02
2	6.239883e+02	6.588042e+02
2	6.040606e+02	6.762308e+02
2	5.849277e+02	6.927273e+02
2	5.841352e+02	6.959371e+02
2	5.749394e+02	6.667879e+02
2	6.058019e+02	6.634149e+02
2	6.260839e+02	6.969604e+02
2	6.275082e+02	7.037599e+02
2	6.416620e+02	6.995991e+02
2	6.235268e+02	6.849907e+02
2	6.188182e+02	6.877483e+02
2	6.263357e+02	6.958112e+02
2	6.427436e+02	6.776713e+02
2	6.731935e+02	6.370513e+02
2	6.768811e+02	5.903566e+02
2	7.151725e+02	5.575734e+02
2	7.143427e+02	5.190513e+02
2	7.940163e+02	4.780326e+02
2	8.056107e+02	4.704009e+02
2	8.112867e+02	4.314359e+02
2	8.186107e+02	4.421911e+02
2	8.225758e+02	4.446993e+02
2	8.192121e+02	4.501026e+02
2	8.403683e+02	4.234219e+02
2	8.124406e+02	4.151655e+02
2	8.091002e+02	3.997762e+02
2	8.198322e+02	4.011725e+02
2	8.709021e+02	3.939324e+02
2	8.363030e+02	3.980676e+02
2	8.662844e+02	3.998671e+02
2	8.790093e+02	4.402238e+02
2	8.732984e+02	4.882960e+02
2	8.551632e+02	5.343800e+02
2	8.096457e+02	5.129883e+02
2	7.782797e+02	5.308159e+02
2	8.100653e+02	5.445338e+02
2	8.050000e+02	5.387925e+02
2	7.787576e+02	5.179464e+02
2	7.608508e+02	4.652984e+02
2	7.748415e+02	4.664755e+02
2	8.144918e+02	4.755548e+02
2	7.937529e+02	5.092494e+02
2	7.661142e+02	5.006830e+02
2	7.190000e+02	4.738765e+02
2	7.396573e+02	4.967855e+02
2	7.480140e+02	4.607669e+02
2	7.117203e+02	4.271841e+02
2	7.279207e+02	4.268392e+02
2	7.177413e+02	4.097389e+02
2	7.688462e+02	4.123846e+02
2	8.029044e+02	4.151981e+02
2	7.737086e+02	4.327086e+02
2	7.952331e+02	4.197529e+02
2	7.987319e+02	4.381748e+02
2	8.173916e+02	4.607296e+02
2	7.960862e+02	4.400769e+02
2	7.710816e+02	4.495828e+02
2	8.084359e+02	4.680676e+02
2	7.867972e+02	4.669371e+02
2	8.044639e+02	4.523916e+02
2	7.924336e+02	4.298322e+02
2	7.586876e+02	4.270769e+02
2	7.766317e+02	4.356410e+02
2	7.680443e+02	4.562354e+02
2	7.620326e+02	4.767040e+02
2	7.890606e+02	4.769091e+02
2	7.609324e+02	5.066107e+02
2	7.571748e+02	5.038625e+02
2	7.453263e+02	5.017925e+02
2	7.544126e+02	4.889254e+02
2	7.498531e+02	4.637063e+02
2	7.197576e+02	4.843100e+02
2	7.070746e+02	4.679091e+02
2	7.018858e+02	4.555944e+02
2	7.346667e+02	4.438322e+02
2	7.757576e+02	4.513170e+02
2	7.514429e+02	4.740210e+02
2	7.343590e+02	4.434942e+02
2	7.511049e+02	4.573054e+02
2	7.610303e+02	4.464965e+02
2	7.405361e+02	4.390699e+02
2	7.733683e+02	4.426061e+02
2	7.935221e+02	3.973660e+02
2	8.125991e+02	3.929464e+02
2	8.286410e+02	3.911329e+02
2	8.193357e+02	4.174685e+02
2	8.274033e+02	4.085408e+02
2	8.073566e+02	4.121538e+02
2	8.101166e+02	4.333007e+02
2	7.791632e+02	4.424685e+02
2	7.498625e+02	4.405991e+02
2	7.753030e+02	4.235688e+02
2	7.533613e+02	4.252145e+02
2	7.606224e+02	4.465874e+02
2	7.098042e+02	4.341678e+02
2	7.007576e+02	4.230000e+02
2	7.098858e+02	4.148881e+02
2	7.137576e+02	4.131352e+02
2	7.313287e+02	4.246830e+02
2	7.310326e+02	4.094872e+02
2	7.129231e+02	3.833613e+02
2	7.116923e+02	3.548601e+02
2	7.188042e+02	3.880140e+02
2	7.499837e+02	4.234056e+02
2	7.098788e+02	4.311259e+02
2	7.034149e+02	4.636224e+02
2	6.774848e+02	5.171305e+02
2	7.227809e+02	5.203753e+02
2	7.932448e+02	5.260256e+02
3	5.831678e+02	3.816364e+02
3	8.783566e+02	4.302238e+02
3	1.040662e+03	4.505315e+02
3	1.099998e+03	4.509196e+02
3	1.086277e+03	4.397483e+02
3	1.029415e+03	4.253776e+02
3	1.031005e+03	4.185897e+02
3	9.773590e+02	4.628788e+02
3	9.612797e+02	4.975571e+02
3	9.440909e+02	4.923450e+02
3	9.858252e+02	4.681865e+02
3	9.529883e+02	4.464639e+02
3	9.661632e+02	4.136946e+02
3	9.658252e+02	3.611026e+02
3	9.777995e+02	3.922051e+02
3	9.266993e+02	3.962214e+02
3	9.482028e+02	4.202727e+02
3	9.378485e+02	4.227552e+02
3	9.418858e+02	4.251515e+02
3	8.928392e+02	4.104545e+02
3	8.902751e+02	3.974219e+02
3	8.929277e+02	3.837110e+02
3	9.057483e+02	3.630070e+02
3	9.478392e+02	3.660117e+02
3	9.804009e+02	4.259161e+02
3	9.742284e+02	4.546247e+02
3	9.627179e+02	4.832331e+02
3	9.255361e+02	4.780280e+02
3	8.697110e+02	4.979207e+02
3	8.491678e+02	5.055828e+02
3	8.520583e+02	4.898228e+02
3	8.486830e+02	4.571072e+02
3	8.410932e+02	4.317622e+02
3	8.829767e+02	4.094732e+02
3	9.124615e+02	4.129814e+02
3	9.537925e+02	4.707855e+02
3	9.749487e+02	5.020793e+02
3	9.519464e+02	5.267179e+02
3	9.526597e+02	5.737552e+02
3	1.016632e+03	5.433939e+02
3	9.936807e+02	5.285128e+02
3	9.971818e+02	5.051515e+02
3	9.938019e+02	4.640723e+02
3	9.950979e+02	4.321026e+02
3	1.003298e+03	4.036783e+02
3	1.041200e+03	4.214918e+02
3	1.022455e+03	4.379044e+02
3	1.001893e+03	4.308998e+02
3	9.888182e+02	4.362704e+02
3	9.916317e+02	4.024336e+02
3	9.415688e+02	4.152075e+02
3	9.222075e+02	4.181096e+02
3	8.639254e+02	3.950746e+02
3	8.385338e+02	4.209371e+02
3	8.634126e+02	4.297179e+02
3	8.556737e+02	4.606061e+02
3	8.841049e+02	4.830559e+02
3	9.372121e+02	4.633054e+02
3	9.715431e+02	4.717902e+02
3	1.007517e+03	4.937576e+02
3	1.009126e+03	5.069417e+02
3	9.704219e+02	4.909627e+02
3	9.170979e+02	4.738345e+02
3	9.153450e+02	4.713543e+02
3	8.826946e+02	4.673333e+02
3	8.415175e+02	4.278205e+02
3	8.603217e+02	4.153916e+02
3	8.837949e+02	3.760210e+02
3	9.284825e+02	3.904942e+02
3	9.652494e+02	4.200909e+02
3	9.964802e+02	4.170140e+02
3	9.624079e+02	3.856410e+02
3	9.547599e+02	3.529021e+02
3	9.394219e+02	3.412308e+02
3	9.065268e+02	3.615967e+02
3	8.820793e+02	3.231282e+02
3	8.750886e+02	3.546690e+02
3	8.925291e+02	3.635781e+02
3	8.849301e+02	4.142844e+02
3	8.934149e+02	4.217972e+02
3	9.206900e+02	4.122098e+02
3	9.032797e+02	3.805431e+02
3	9.210793e+02	3.870350e+02
3	8.973543e+02	4.212797e+02
3	9.130140e+02	4.291678e+02
3	9.068415e+02	4.403683e+02
3	9.350653e+02	4.652308e+02
3	9.658765e+02	4.709068e+02
3	9.878788e+02	4.747366e+02
3	9.891841e+02	4.676690e+02
3	9.698695e+02	4.545734e+02
3	9.078998e+02	4.472727e+02
3	9.021585e+02	4.888998e+02
3	8.292401e+02	4.848368e+02
3	8.194406e+02	4.922028e+02
3	7.873543e+02	5.245455e+02
3	7.995991e+02	4.995058e+02
3	8.634382e+02	4.759720e+02
3	9.108648e+02	4.707646e+02
3	9.197249e+02	4.597319e+02
3	9.663939e+02	4.470606e+02
3	1.023007e+03	4.608671e+02
3	1.091217e+03	4.859091e+02
3	1.066135e+03	5.030956e+02
3	1.048562e+03	5.264033e+02
3	9.834895e+02	5.687949e+02
3	9.225758e+02	5.642751e+02
3	8.692471e+02	5.202424e+02
3	7.773240e+02	4.865361e+02
3	7.919627e+02	4.266853e+02
3	8.445012e+02	3.902378e+02
3	8.981702e+02	3.760350e+02
3	8.930070e+02	3.884476e+02
3	8.863543e+02	3.769860e+02
3	8.758275e+02	4.050233e+02
3	8.411469e+02	4.390420e+02
3	8.397599e+02	4.436853e+02
3	8.541375e+02	4.100932e+02
3	8.541655e+02	4.107506e+02
3	9.575315e+02	4.142005e+02
3	9.723473e+02	4.263217e+02
3	9.920746e+02	4.371096e+02
3	9.582191e+02	4.357296e+02
3	9.462005e+02	3.979184e+02
3	8.942238e+02	4.203660e+02
3	8.469767e+02	4.208625e+02
3	8.423077e+02	4.137086e+02
3	8.242005e+02	4.303590e+02
3	8.122028e+02	4.632844e+02
3	8.364965e+02	4.979021e+02
3	8.728368e+02	5.188112e+02
3	9.111772e+02	5.052797e+02
3	9.129977e+02	4.891888e+02
3	9.534615e+02	4.555874e+02
3	9.069487e+02	4.483193e+02
3	9.544639e+02	4.685291e+02
3	9.533916e+02	4.378322e+02
3	9.106597e+02	4.406667e+02
3	8.916830e+02	4.465408e+02
3	8.542727e+02	4.456970e+02
3	8.556993e+02	4.244452e+02
3	8.065944e+02	3.830256e+02
3	7.824779e+02	3.192611e+02
3	8.107366e+02	3.002098e+02
3	7.884219e+02	3.113054e+02
3	9.189674e+02	2.977506e+02
3	9.246527e+02	3.000536e+02
3	8.570769e+02	3.780373e+02
3	7.769883e+02	5.333333e+02
3	6.273380e+02	6.702261e+02
3	4.814569e+02	7.890932e+02
3	3.489697e+02	8.869277e+02
3	2.425058e+02	9.636690e+02
3	1.809697e+02	1.043909e+03
3	1.436503e+02	1.080429e+03
3	2.197319e+02	1.008452e+03
3	2.067249e+02	9.673170e+02
3	2.541469e+02	9.545385e+02
3	2.956224e+02	9.621422e+02
3	3.020256e+02	9.553986e+02
3	3.140513e+02	9.507902e+02
3	2.952634e+02	9.427063e+02
3	2.498671e+02	9.538298e+02
3	2.149161e+02	9.605524e+02
3	1.826457e+02	9.939417e+02
3	1.534685e+02	9.947762e+02
3	1.298834e+02	1.010469e+03
3	1.493030e+02	1.033690e+03
3	1.623520e+02	1.066002e+03
3	1.695921e+02	1.069902e+03
3	1.082984e+02	1.117678e+03
3	-1.361305e+00	1.118741e+03
3	1.093473e+02	1.046571e+03
3	3.325361e+02	9.348928e+02
3	7.216294e+02	8.062657e+02
4	8.533916e+02	6.038112e+02
4	7.682098e+02	5.540070e+02
4	7.247622e+02	5.338275e+02
4	7.132506e+02	5.350128e+02
4	7.238765e+02	5.493030e+02
4	7.468415e+02	5.684382e+02
4	7.801422e+02	5.836923e+02
4	7.663846e+02	5.676527e+02
4	7.265711e+02	5.251748e+02
4	7.688904e+02	5.285618e+02
4	7.667483e+02	5.202774e+02
4	7.834895e+02	5.255478e+02
4	7.732587e+02	5.390816e+02
4	7.785338e+02	5.377646e+02
4	7.450816e+02	5.503660e+02
4	7.233566e+02	5.250979e+02
4	7.156154e+02	5.035245e+02
4	6.812937e+02	4.999790e+02
4	6.696364e+02	4.967110e+02
4	7.126107e+02	5.173566e+02
4	6.929207e+02	5.159977e+02
4	7.158625e+02	4.978415e+02
4	7.115618e+02	4.597832e+02
4	721	4.666224e+02
4	7.245221e+02	4.872051e+02
4	6.955734e+02	4.782191e+02
4	7.114615e+02	5.071422e+02
4	7.135641e+02	5.382098e+02
4	7.463473e+02	5.749254e+02
4	7.664848e+02	5.748625e+02
4	8.012401e+02	5.713636e+02
4	8.162867e+02	5.424522e+02
4	8.476457e+02	5.074172e+02
4	8.439161e+02	5.148368e+02
4	8.298112e+02	4.913520e+02
4	8.095478e+02	4.896527e+02
4	7.551329e+02	5.079277e+02
4	7.175734e+02	4.942214e+02
4	7.322378e+02	4.941212e+02
4	7.286760e+02	4.596690e+02
4	7.356200e+02	4.760186e+02
4	7.177972e+02	4.719790e+02
4	7.403939e+02	4.501772e+02
4	6.997226e+02	4.208205e+02
4	7.159044e+02	4.324965e+02
4	7.371702e+02	4.598065e+02
4	7.192308e+02	4.956737e+02
4	7.412261e+02	5.484056e+02
4	7.569930e+02	5.931492e+02
4	7.285921e+02	6.076620e+02
4	7.190420e+02	6.325175e+02
4	7.300093e+02	6.046900e+02
4	7.110070e+02	5.553706e+02
4	7.092121e+02	5.032214e+02
4	7.319860e+02	4.838928e+02
4	7.818788e+02	4.787506e+02
4	8.201212e+02	4.964079e+02
4	8.636177e+02	5.360210e+02
4	8.182657e+02	5.592098e+02
4	7.586737e+02	5.635431e+02
4	7.846247e+02	5.876643e+02
4	7.415781e+02	5.786643e+02
4	7.261981e+02	5.866667e+02
4	7.188578e+02	5.532284e+02
4	7.615105e+02	5.446340e+02
4	7.756550e+02	5.487436e+02
4	7.875385e+02	5.396946e+02
4	7.645991e+02	5.043147e+02
4	7.268368e+02	4.923823e+02
4	7.105408e+02	4.974592e+02
4	7.218718e+02	5.210303e+02
4	7.124685e+02	5.148648e+02
4	7.630932e+02	5.539580e+02
4	8.059744e+02	5.346597e+02
4	8.338159e+02	5.487203e+02
4	8.249883e+02	5.390117e+02
4	8.130606e+02	5.450303e+02
4	7.692890e+02	5.405967e+02
4	7.381608e+02	5.410606e+02
4	7.369394e+02	5.580746e+02
4	7.121142e+02	5.421399e+02
4	7.259977e+02	5.295804e+02
4	7.563497e+02	5.298322e+02
4	7.577296e+02	4.938718e+02
4	7.375991e+02	4.800979e+02
4	7.902354e+02	4.351888e+02
4	7.759557e+02	4.441072e+02
4	7.669557e+02	4.417949e+02
4	7.396923e+02	4.346457e+02
4	7.652704e+02	4.477203e+02
4	7.192587e+02	4.362751e+02
4	7.284289e+02	4.608648e+02
4	7.325245e+02	4.889814e+02
4	7.164196e+02	5.227552e+02
4	7.331911e+02	5.530280e+02
4	7.891259e+02	5.269814e+02
4	7.687319e+02	5.385361e+02
4	7.823800e+02	5.258065e+02
4	7.692541e+02	5.263520e+02
4	7.990606e+02	5.037226e+02
4	7.561375e+02	4.930769e+02
4	7.453217e+02	4.820280e+02
4	6.756527e+02	4.892960e+02
4	6.529161e+02	5.207809e+02
4	6.461748e+02	5.392657e+02
4	6.529510e+02	5.353217e+02
4	6.551655e+02	5.552284e+02
4	7.003800e+02	5.597716e+02
4	7.424825e+02	5.702517e+02
4	7.970816e+02	5.518485e+02
4	8.189883e+02	5.656713e+02
4	8.230839e+02	5.275455e+02
4	8.248928e+02	5.119347e+02
4	8.471049e+02	5.337972e+02
4	8.242028e+02	5.144452e+02
4	8.303077e+02	5.018508e+02
4	8.544662e+02	5.007669e+02
4	8.677110e+02	4.745524e+02
4	8.742401e+02	4.885688e+02
4	8.559930e+02	5.347203e+02
4	8.496154e+02	5.949814e+02
4	8.411445e+02	6.112517e+02
4	8.378718e+02	6.392401e+02
4	7.971608e+02	6.397809e+02
4	7.170140e+02	6.085012e+02
4	6.609860e+02	6.090163e+02
4	6.523893e+02	5.906550e+02
4	6.256667e+02	5.300839e+02
4	5.985664e+02	5.264825e+02
4	6.330909e+02	5.341702e+02
4	6.550909e+02	5.257203e+02
4	7.061445e+02	5.486667e+02
4	7.569930e+02	5.730723e+02
4	7.987599e+02	5.653287e+02
4	8.397086e+02	5.674709e+02
4	8.104545e+02	5.895105e+02
4	8.380932e+02	5.761072e+02
4	8.616853e+02	5.648112e+02
4	8.994779e+02	5.190536e+02
4	9.071352e+02	5.185828e+02
4	8.741841e+02	5.118928e+02
4	8.675874e+02	5.599977e+02
4	8.451911e+02	5.700303e+02
4	8.209557e+02	5.686224e+02
4	8.317179e+02	5.678438e+02
4	7.802541e+02	5.935082e+02
4	8.006946e+02	5.872005e+02
4	8.167995e+02	6.022704e+02
4	7.903193e+02	5.664079e+02
4	7.479767e+02	5.893963e+02
4	7.294918e+02	5.797343e+02
4	7.369114e+02	5.735315e+02
4	7.212238e+02	5.744755e+02
4	7.003497e+02	5.698718e+02
4	7.419953e+02	5.573147e+02
4	8.227086e+02	5.414476e+02
4	8.854592e+02	5.186503e+02
4	8.925058e+02	5.217389e+02
4	8.843054e+02	4.970186e+02
4	9.107879e+02	5.073566e+02
4	8.972517e+02	4.906807e+02
4	8.913963e+02	4.992121e+02
4	8.156061e+02	5.213776e+02
4	7.735828e+02	5.425758e+02
4	7.402284e+02	5.398951e+02
4	8.009254e+02	5.405455e+02
4	8.372727e+02	4.931352e+02
4	8.666480e+02	4.428065e+02
4	9.173193e+02	3.728368e+02
4	1.030597e+03	2.981748e+02
4	1.041054e+03	2.373753e+02
4	1.096993e+03	2.372075e+02
4	1.140184e+03	2.156154e+02
4	1.155580e+03	2.393869e+02
4	1.138110e+03	2.777669e+02
4	1.170420e+03	3.059254e+02
4	1.192100e+03	3.166200e+02
4	1.208396e+03	3.166107e+02
4	1.177413e+03	2.919138e+02
4	1.189359e+03	2.512751e+02
4	1.117145e+03	2.630513e+02
4	1.169718e+03	2.593263e+02
4	1.149951e+03	2.517483e+02
4	1.154590e+03	2.543077e+02
4	1.131821e+03	2.711538e+02
4	1.211522e+03	2.591305e+02
4	1.297534e+03	2.862098e+02
4	1.391245e+03	2.992284e+02
4	1.385846e+03	3.029091e+02
4	1.383457e+03	3.118671e+02
4	1.354541e+03	3.149021e+02
4	1.319937e+03	2.977133e+02
4	1.229594e+03	3.108019e+02
4	1.209131e+03	3.091492e+02
4	1.078748e+03	2.831259e+02
4	1.081869e+03	2.836107e+02
4	1.060466e+03	2.962611e+02
4	1.101811e+03	2.903706e+02
4	1.073590e+03	3.032774e+02
4	1.050739e+03	3.118275e+02
4	1.051914e+03	2.998765e+02
4	1.083079e+03	2.944056e+02
4	1.195464e+03	2.959044e+02
4	1.292277e+03	2.815431e+02
4	1.384620e+03	2.710839e+02
4	1.509142e+03	2.833380e+02
4	1.655702e+03	2.971002e+02
4	1.736580e+03	3.022191e+02
4	1.737748e+03	3.304685e+02
4	1.682653e+03	3.470233e+02
4	1.661709e+03	3.746550e+02
4	1.697308e+03	4.024219e+02
4	1.709951e+03	4.280979e+02
4	1.715345e+03	4.207692e+02
4	1.778946e+03	4.121422e+02
4	1.818007e+03	3.878159e+02
4	1.830170e+03	3.734988e+02
4	1.815571e+03	3.533683e+02
4	1.775184e+03	3.245338e+02
4	1.738506e+03	3.061841e+02
4	1.739529e+03	3.013823e+02
4	1.757862e+03	3.181981e+02
4	1.769676e+03	3.223916e+02
4	1.732653e+03	3.295128e+02
4	1.735028e+03	3.136690e+02
4	1.728112e+03	3.133450e+02
4	1.671664e+03	3.080909e+02
4	1.649406e+03	3.127273e+02
4	1.618741e+03	2.921072e+02
4	1.698844e+03	3.063450e+02
4	1.709119e+03	3.086853e+02
4	1.726340e+03	3.083520e+02
4	1.773247e+03	3.036061e+02
4	1.774359e+03	3.255221e+02
4	1.809394e+03	3.202471e+02
4	1.784200e+03	3.309091e+02
4	1.708510e+03	3.457436e+02
4	1.679960e+03	3.439394e+02
4	1.661587e+03	3.244639e+02
4	1.703163e+03	3.531469e+02
4	1.672573e+03	3.614499e+02
4	1.656065e+03	3.480629e+02
4	1.751869e+03	3.763380e+02
4	1.815242e+03	3.977762e+02
4	1.789238e+03	3.928811e+02
4	1.763977e+03	3.898135e+02
4	1.803527e+03	3.849674e+02
4	1.796984e+03	3.603357e+02
4	1.801184e+03	3.171515e+02
4	1.752051e+03	3.284779e+02
4	1.731497e+03	3.131445e+02
4	1.702452e+03	3.179044e+02
4	1.713606e+03	3.307016e+02
4	1.690935e+03	3.370070e+02
4	1.650632e+03	3.339580e+02
4	1.631517e+03	3.218368e+02
4	1.665615e+03	3.194848e+02
4	1.683834e+03	3.384079e+02
4	1.761282e+03	3.383869e+02
5	8.492168e+02	4.155594e+02
5	8.874965e+02	3.866503e+02
5	9.009277e+02	3.688811e+02
5	8.965233e+02	3.611632e+02
5	8.812960e+02	3.624079e+02
5	8.622587e+02	3.715268e+02
5	8.733683e+02	3.902051e+02
5	8.938834e+02	4.151026e+02
5	8.507016e+02	4.457902e+02
5	8.437273e+02	4.558718e+02
5	8.091166e+02	4.791469e+02
5	8.302028e+02	4.831655e+02
5	8.298531e+02	5.066993e+02
5	8.481888e+02	5.049534e+02
5	8.255431e+02	4.802214e+02
5	8.323730e+02	4.445944e+02
5	8.408485e+02	4.354895e+02
5	8.180629e+02	4.225035e+02
5	7.976713e+02	4.308601e+02
5	7.848392e+02	4.108648e+02
5	7.569510e+02	4.113520e+02
5	7.590373e+02	4.231795e+02
5	7.556713e+02	4.192401e+02
5	7.401562e+02	4.117110e+02
5	7.441282e+02	3.988811e+02
5	7.928019e+02	3.770839e+02
5	8.455828e+02	4.042121e+02
5	8.905734e+02	4.065128e+02
5	9.045781e+02	4.163357e+02
5	9.683566e+02	3.973427e+02
5	9.783333e+02	4.294103e+02
5	9.680396e+02	4.471445e+02
5	9.335571e+02	4.566713e+02
5	8.489953e+02	4.530606e+02
5	7.892028e+02	4.314429e+02
5	7.723333e+02	4.261865e+02
5	7.283124e+02	4.274755e+02
5	7.032261e+02	4.191562e+02
5	6.632494e+02	4.190886e+02
5	7.240466e+02	4.266970e+02
5	7.744382e+02	4.400443e+02
5	8.296667e+02	4.640443e+02
5	8.163124e+02	5.090699e+02
5	8.072564e+02	4.821585e+02
5	7.707086e+02	4.731329e+02
5	7.607110e+02	4.568368e+02
5	7.277576e+02	4.731585e+02
5	7.319697e+02	4.676783e+02
5	7.052914e+02	4.564452e+02
5	7.455664e+02	4.538228e+02
5	8.251002e+02	4.425128e+02
5	8.507203e+02	4.430839e+02
5	8.676270e+02	4.554172e+02
5	8.964406e+02	4.102517e+02
5	9.108392e+02	3.950909e+02
5	9.512541e+02	3.303590e+02
5	8.988065e+02	3.050303e+02
5	8.178601e+02	3.619044e+02
5	6.418834e+02	6.861562e+02
5	5.072424e+02	9.787529e+02
5	4.356270e+02	1.170047e+03
5	4.226177e+02	1.241203e+03
5	4.541725e+02	1.234175e+03
5	5.730117e+02	1.074392e+03
6	5.401958e+02	4.389860e+02
6	5.781888e+02	4.076084e+02
6	6.340047e+02	3.950932e+02
6	6.985326e+02	3.970606e+02
6	7.626620e+02	4.091305e+02
6	8.172821e+02	4.269231e+02
6	8.417273e+02	4.487809e+02
6	8.168462e+02	4.609044e+02
6	7.894289e+02	4.687016e+02
6	7.692494e+02	4.440606e+02
6	7.023683e+02	4.147925e+02
6	6.652238e+02	3.975478e+02
6	6.415385e+02	3.696737e+02
6	6.845991e+02	3.563473e+02
6	6.798695e+02	4.058322e+02
6	6.705152e+02	3.937040e+02
6	6.872774e+02	4.302028e+02
6	6.997809e+02	4.676527e+02
6	7.187902e+02	4.936667e+02
6	7.337786e+02	5.161632e+02
6	7.248019e+02	5.321818e+02
6	7.145431e+02	5.242821e+02
6	6.835688e+02	5.131538e+02
6	7.349930e+02	5.026970e+02
6	7.239301e+02	4.884965e+02
6	6.879930e+02	4.558042e+02
6	6.592354e+02	4.606900e+02
6	6.935012e+02	4.665012e+02
6	6.878438e+02	4.680210e+02
6	6.947040e+02	4.644615e+02
6	7.146387e+02	4.533939e+02
6	6.719510e+02	4.550047e+02
6	6.484662e+02	4.703497e+02
6	6.937902e+02	4.805245e+02
6	7.061632e+02	4.765897e+02
6	6.851748e+02	5.151958e+02
6	6.725664e+02	5.613240e+02
6	7.262448e+02	5.948974e+02
6	6.817552e+02	6.084359e+02
6	7.037110e+02	6.020047e+02
6	7.408671e+02	6.074755e+02
6	7.179767e+02	6.134219e+02
6	7.019860e+02	5.982937e+02
6	7.342075e+02	5.866061e+02
6	7.649371e+02	5.620466e+02
6	7.685851e+02	5.593753e+02
6	7.585455e+02	5.388298e+02
6	7.379977e+02	5.053706e+02
6	6.575268e+02	4.589557e+02
6	6.454569e+02	4.437552e+02
6	6.370256e+02	4.461841e+02
6	6.640396e+02	4.255828e+02
6	7.100396e+02	4.275082e+02
6	7.701515e+02	4.456713e+02
6	7.951352e+02	4.534848e+02
6	8.245967e+02	4.759441e+02
6	8.559347e+02	4.713427e+02
6	8.339277e+02	4.694639e+02
6	8.003403e+02	4.584336e+02
6	7.398811e+02	4.572867e+02
6	6.904685e+02	4.681469e+02
6	6.661608e+02	4.630047e+02
6	6.514732e+02	4.845338e+02
6	6.043916e+02	4.765501e+02
6	5.629371e+02	4.634149e+02
6	6.096550e+02	4.751259e+02
6	6.529254e+02	4.660280e+02
6	6.860070e+02	4.653310e+02
6	6.824336e+02	4.718834e+02
6	6.704219e+02	4.600210e+02
6	6.656480e+02	4.614918e+02
6	6.673753e+02	4.646434e+02
6	6.825501e+02	4.904755e+02
6	6.726807e+02	4.936410e+02
6	6.902890e+02	4.834825e+02
6	7.287949e+02	5.156923e+02
6	7.540466e+02	5.223427e+02
6	7.727902e+02	5.401632e+02
6	7.401282e+02	5.343753e+02
6	6.941166e+02	5.395245e+02
6	6.677296e+02	5.332821e+02
6	6.238508e+02	5.185711e+02
6	6.315524e+02	5.120606e+02
6	6.470583e+02	5.044033e+02
6	6.447366e+02	4.735268e+02
6	6.313497e+02	5.096037e+02
6	6.490536e+02	4.913730e+02
6	6.620769e+02	4.679580e+02
6	6.739907e+02	4.183939e+02
6	6.759674e+02	4.645035e+02
6	7.209371e+02	4.638858e+02
6	7.362401e+02	4.703566e+02
6	7.623846e+02	4.729021e+02
6	7.722937e+02	4.868135e+02
6	7.526993e+02	4.732261e+02
6	7.319347e+02	4.736527e+02
6	7.157762e+02	4.415478e+02
6	6.764755e+02	4.205874e+02
6	6.465431e+02	4.136830e+02
6	6.745548e+02	4.608741e+02
6	6.603963e+02	4.513030e+02
6	6.608275e+02	4.847366e+02
6	6.356620e+02	4.774429e+02
6	6.155524e+02	4.765455e+02
6	6.440746e+02	4.855268e+02
6	6.764149e+02	4.761352e+02
6	6.875175e+02	4.632657e+02
6	6.667576e+02	4.580093e+02
6	6.781166e+02	4.640163e+02
6	6.973636e+02	4.627972e+02
6	6.684429e+02	4.023520e+02
6	7.205711e+02	4.214662e+02
6	7.315967e+02	4.273054e+02
6	6.916853e+02	4.269790e+02
6	7.256667e+02	4.667133e+02
6	7.489207e+02	4.834172e+02
6	7.869091e+02	4.742611e+02
6	7.505594e+02	4.830163e+02
6	7.741958e+02	4.769487e+02
6	7.827110e+02	4.948765e+02
6	7.750746e+02	4.663660e+02
6	7.668555e+02	4.991305e+02
6	7.353869e+02	4.994522e+02
6	6.450909e+02	4.728228e+02
6	6.321935e+02	4.706970e+02
6	6.639604e+02	4.804452e+02
6	6.970256e+02	4.535361e+02
6	7.145711e+02	4.398811e+02
6	7.734545e+02	4.212494e+02
6	8.321725e+02	4.641702e+02
6	8.147529e+02	4.554056e+02
6	8.237436e+02	4.561725e+02
6	8.258904e+02	4.730490e+02
6	7.842634e+02	4.511422e+02
6	7.861655e+02	4.492587e+02
6	8.104126e+02	4.496200e+02
6	7.369977e+02	4.783869e+02
6	6.327739e+02	5.013543e+02
6	5.107599e+02	5.963730e+02
6	4.206317e+02	7.256643e+02
6	3.129068e+02	7.819207e+02
6	2.474452e+02	8.310420e+02
6	1.761562e+02	9.136480e+02
6	1.546667e+02	8.839510e+02
6	1.881049e+02	8.452890e+02
6	2.212494e+02	7.712448e+02
6	2.103427e+02	7.703986e+02
6	1.062214e+02	7.550909e+02
6	6.696503e+01	7.938718e+02
6	1.729534e+02	7.918928e+02
6	3.277762e+02	7.182914e+02
6	5.073613e+02	6.221002e+02
6	6.713730e+02	5.462751e+02
7	1.218126e+03	1.226608e+03
7	1.178063e+03	1.230280e+03
7	1.152375e+03	1.253559e+03
7	1.138021e+03	1.286554e+03
7	1.131958e+03	1.319368e+03
7	1.131145e+03	1.342110e+03
7	1.137438e+03	1.264422e+03
7	1.120569e+03	1.230009e+03
7	1.087585e+03	1.269233e+03
7	1.102963e+03	1.239368e+03
7	1.121608e+03	1.241410e+03
7	1.149515e+03	1.217270e+03
7	1.129793e+03	1.207231e+03
7	1.157478e+03	1.213986e+03
7	1.161284e+03	1.250590e+03
7	1.178573e+03	1.245308e+03
7	1.162881e+03	1.216739e+03
7	1.146133e+03	1.221049e+03
7	1.110061e+03	1.278939e+03
7	1.057207e+03	1.259904e+03
7	1.084594e+03	1.269716e+03
7	1.084718e+03	1.285995e+03
7	1.045289e+03	1.249406e+03
7	1.128683e+03	1.227774e+03
7	1.196800e+03	1.222685e+03
7	1.255503e+03	1.201242e+03
7	1.297476e+03	1.204448e+03
7	1.338469e+03	1.203653e+03
7	1.330979e+03	1.208685e+03
7	1.312545e+03	1.208909e+03
7	1.314117e+03	1.266781e+03
7	1.257573e+03	1.276040e+03
7	1.265086e+03	1.311991e+03
7	1.310410e+03	1.326100e+03
7	1.279844e+03	1.370807e+03
7	1.278688e+03	1.340522e+03
7	1.267772e+03	1.349706e+03
7	1.255972e+03	1.337473e+03
7	1.206531e+03	1.305841e+03
7	1.149149e+03	1.253886e+03
7	1.106252e+03	1.260263e+03
7	1.107226e+03	1.208872e+03
7	1.124723e+03	1.236329e+03
7	1.106960e+03	1.204688e+03
7	1.103247e+03	1.231065e+03
7	1.170254e+03	1.206147e+03
7	1.208858e+03	1.251804e+03
7	1.207455e+03	1.239725e+03
7	1.156135e+03	1.283573e+03
7	1.140741e+03	1.266662e+03
7	1.157711e+03	1.345492e+03
7	1.177065e+03	1.328282e+03
7	1.174839e+03	1.326459e+03
7	1.194746e+03	1.315406e+03
7	1.233781e+03	1.298578e+03
7	1.321375e+03	1.289422e+03
7	1.326163e+03	1.301517e+03
7	1.316538e+03	1.244858e+03
7	1.217895e+03	1.232814e+03
7	1.217166e+03	1.218457e+03
7	1.191872e+03	1.275648e+03
7	1.170256e+03	1.268816e+03
7	1.177375e+03	1.251916e+03
7	1.204580e+03	1.237163e+03
7	1.243524e+03	1.232326e+03
7	1.330932e+03	1.249585e+03
7	1.350464e+03	1.230524e+03
7	1.383277e+03	1.229744e+03
7	1.318219e+03	1.220613e+03
7	1.293326e+03	1.214128e+03
7	1.225900e+03	1.225848e+03
7	1.215872e+03	1.227499e+03
7	1.193886e+03	1.199751e+03
7	1.141548e+03	1.196026e+03
7	1.179718e+03	1.200277e+03
7	1.213226e+03	1.213196e+03
7	1.271676e+03	1.212737e+03
7	1.334709e+03	1.296779e+03
7	1.382410e+03	1.261315e+03
7	1.361210e+03	1.273322e+03
7	1.354189e+03	1.276606e+03
7	1.386450e+03	1.256252e+03
7	1.402336e+03	1.240033e+03
7	1.367427e+03	1.261571e+03
7	1.392821e+03	1.245238e+03
7	1.323814e+03	1.217466e+03
7	1.259755e+03	1.178135e+03
7	1.189492e+03	1.202310e+03
7	1.132725e+03	1.157133e+03
7	1.034480e+03	1.176660e+03
7	1.036643e+03	1.187424e+03
7	1.076205e+03	1.185967e+03
7	1.129995e+03	1.225767e+03
7	1.204159e+03	1.257009e+03
7	1.265345e+03	1.317578e+03
7	1.267599e+03	1.331821e+03
7	1.279249e+03	1.370767e+03
7	1.302907e+03	1.377110e+03
7	1.260916e+03	1.375550e+03
7	1.225406e+03	1.367149e+03
7	1.279459e+03	1.353263e+03
7	1.284049e+03	1.289471e+03
7	1.281662e+03	1.311699e+03
7	1.308562e+03	1.320368e+03
7	1.304893e+03	1.421228e+03
7	1.301795e+03	1.429207e+03
7	1.351450e+03	1.468828e+03
7	1.365063e+03	1.443951e+03
7	1.316366e+03	1.458450e+03
7	1.315312e+03	1.396599e+03
7	1.359273e+03	1.312175e+03
7	1.311956e+03	1.276445e+03
7	1.286515e+03	1.282296e+03
7	1.314807e+03	1.259098e+03
7	1.336107e+03	1.286562e+03
7	1.367389e+03	1.210522e+03
7	1.426280e+03	1.196249e+03
7	1.464534e+03	1.207816e+03
7	1.455065e+03	1.223508e+03
7	1.430587e+03	1.250457e+03
7	1.388704e+03	1.257233e+03
7	1.292907e+03	1.375541e+03
7	1.263886e+03	1.415200e+03
7	1.267797e+03	1.405226e+03
7	1.263585e+03	1.404177e+03
7	1.211730e+03	1.332058e+03
7	1.223690e+03	1.300765e+03
7	1.257014e+03	1.309084e+03
7	1.234058e+03	1.288979e+03
7	1.242261e+03	1.289716e+03
7	1.169382e+03	1.292275e+03
7	1.134182e+03	1.394242e+03
7	1.131179e+03	1.409732e+03
7	1.128660e+03	1.346443e+03
7	1.196883e+03	1.384205e+03
7	1.192601e+03	1.351016e+03
7	1.252033e+03	1.365124e+03
7	1.268699e+03	1.344124e+03
7	1.283732e+03	1.290040e+03
7	1.256874e+03	1.251865e+03
7	1.217867e+03	1.269009e+03
7	1.218030e+03	1.287464e+03
7	1.204315e+03	1.280494e+03
7	1.244445e+03	1.247783e+03
7	1.392361e+03	1.291897e+03
7	1.409921e+03	1.331007e+03
7	1.390333e+03	1.354846e+03
7	1.386956e+03	1.344284e+03
7	1.391862e+03	1.376711e+03
7	1.389576e+03	1.342056e+03
7	1.390084e+03	1.283769e+03
7	1.374396e+03	1.222273e+03
7	1.397203e+03	1.139697e+03
7	1.533436e+03	1.058599e+03
7	1.657995e+03	9.840000e+02
7	1.632019e+03	9.660886e+02
7	1.611562e+03	8.963450e+02
7	1.627259e+03	8.550816e+02
7	1.585252e+03	8.821305e+02
7	1.594632e+03	8.301352e+02
7	1.592594e+03	8.073869e+02
7	1.636935e+03	8.380513e+02
7	1.705086e+03	8.430047e+02
7	1.784070e+03	8.587413e+02
7	1.781688e+03	8.865524e+02
7	1.715858e+03	9.422261e+02
7	1.657441e+03	9.487832e+02
7	1.656783e+03	9.391469e+02
7	1.560469e+03	9.586387e+02
7	1.617252e+03	9.378531e+02
7	1.671711e+03	9.347552e+02
7	1.676117e+03	9.216084e+02
7	1.707016e+03	8.652727e+02
7	1.707814e+03	8.427506e+02
7	1.675622e+03	8.628718e+02
7	1.595592e+03	8.945268e+02
7	1.560548e+03	9.494476e+02
7	1.597571e+03	9.342191e+02
7	1.564291e+03	9.762937e+02
7	1.654163e+03	9.900839e+02
7	1.650650e+03	9.745594e+02
7	1.669944e+03	9.409417e+02
7	1.667291e+03	8.807552e+02
7	1.707170e+03	8.616830e+02
7	1.752720e+03	8.297716e+02
7	1.723862e+03	8.325035e+02
7	1.711324e+03	8.878648e+02
7	1.713828e+03	8.941888e+02
7	1.708720e+03	9.796154e+02
7	1.683343e+03	1.031541e+03
7	1.640152e+03	1.039534e+03
7	1.626667e+03	1.018531e+03
7	1.543065e+03	9.636084e+02
7	1.563725e+03	9.183193e+02
7	1.553548e+03	8.400023e+02
7	1.525723e+03	7.898951e+02
7	1.509869e+03	7.995385e+02
7	1.554883e+03	8.070303e+02
7	1.589121e+03	8.538298e+02
7	1.618497e+03	9.207925e+02
7	1.708098e+03	9.380023e+02
7	1.742897e+03	9.537366e+02
7	1.762259e+03	9.295921e+02
7	1.758133e+03	9.560932e+02
7	1.693072e+03	9.333357e+02
7	1.664811e+03	8.829161e+02
7	1.666685e+03	8.939394e+02
7	1.653254e+03	8.824615e+02
7	1.614305e+03	8.703963e+02
7	1.557147e+03	8.493776e+02
7	1.582993e+03	8.170979e+02
7	1.564669e+03	8.148811e+02
7	1.602259e+03	8.115105e+02
7	1.690620e+03	8.134918e+02
8	3.375664e+02	3.160350e+02
8	3.303427e+02	3.838042e+02
8	3.245478e+02	4.228858e+02
8	3.214918e+02	4.396154e+02
8	3.224848e+02	4.403287e+02
8	3.288368e+02	4.313613e+02
8	3.688671e+02	4.081748e+02
8	3.728718e+02	4.443683e+02
8	3.984149e+02	4.570023e+02
8	4.090886e+02	4.586597e+02
8	3.954569e+02	4.949767e+02
8	4.173450e+02	5.158904e+02
8	3.984662e+02	5.562890e+02
8	4.053193e+02	5.938322e+02
8	4.224149e+02	5.703683e+02
8	3.858531e+02	4.909347e+02
8	3.807995e+02	4.579720e+02
8	3.603636e+02	4.327086e+02
8	3.409580e+02	3.822378e+02
8	3.243054e+02	3.300839e+02
8	4.234872e+02	3.464662e+02
8	5.823287e+02	3.426643e+02
8	6.478462e+02	3.340186e+02
8	7.347226e+02	3.311096e+02
8	8.023427e+02	3.408834e+02
8	8.315501e+02	3.574895e+02
8	8.705501e+02	3.705781e+02
8	8.140396e+02	3.528974e+02
8	7.186667e+02	3.035921e+02
8	6.467389e+02	2.803636e+02
8	7.001841e+02	3.010210e+02
8	7.490117e+02	2.902168e+02
8	6.846294e+02	2.907716e+02
8	6.948135e+02	2.744079e+02
8	6.846760e+02	2.809441e+02
8	7.346527e+02	3.184079e+02
8	7.934033e+02	2.943636e+02
8	7.621212e+02	2.846084e+02
8	6.877040e+02	2.607762e+02
8	6.594569e+02	2.729837e+02
8	6.493613e+02	2.822774e+02
8	6.101795e+02	2.586690e+02
8	5.588205e+02	2.464009e+02
8	5.714242e+02	2.532727e+02
8	5.533007e+02	2.564942e+02
8	6.457716e+02	2.859697e+02
8	6.808811e+02	2.980956e+02
8	6.943054e+02	3.307669e+02
8	5.687273e+02	3.555571e+02
8	6.054149e+02	3.972168e+02
8	5.746807e+02	4.420000e+02
8	5.187762e+02	4.413986e+02
8	5.026993e+02	4.622844e+02
8	4.569510e+02	4.769930e+02
8	4.207669e+02	4.377086e+02
8	4.909254e+02	4.412075e+02
8	4.803613e+02	4.513660e+02
8	4.593007e+02	4.357646e+02
