1	4.488462e+02	4.331259e+02
1	4.984336e+02	3.684196e+02
1	5.213240e+02	3.340443e+02
1	5.237914e+02	3.232238e+02
1	5.121096e+02	3.291818e+02
1	4.925524e+02	3.451422e+02
1	4.935221e+02	3.505315e+02
1	4.683986e+02	3.497016e+02
1	4.587389e+02	3.807459e+02
1	4.608345e+02	3.891002e+02
1	4.644709e+02	3.964615e+02
1	4.745268e+02	3.783100e+02
1	493	3.246830e+02
1	4.734103e+02	3.434476e+02
1	4.332191e+02	3.447343e+02
1	4.461772e+02	3.564476e+02
1	4.620326e+02	3.240676e+02
1	4.547203e+02	3.468811e+02
1	4.982424e+02	3.727016e+02
1	5.178345e+02	3.612261e+02
1	5.338718e+02	3.552005e+02
1	5.342424e+02	3.302005e+02
1	5.371608e+02	3.296037e+02
1	5.383240e+02	3.373007e+02
1	5.444289e+02	3.432541e+02
1	5.502098e+02	3.301329e+02
1	5.334755e+02	2.873263e+02
1	5.169767e+02	2.993287e+02
1	5.408531e+02	2.879814e+02
1	5.485361e+02	2.539417e+02
1	5.107995e+02	2.436434e+02
1	4.829650e+02	2.453986e+02
1	5.169790e+02	2.636364e+02
1	5.210023e+02	2.635035e+02
1	5.037879e+02	2.944242e+02
1	4.831935e+02	2.908858e+02
1	4.648741e+02	3.049464e+02
1	5.001166e+02	3.235641e+02
1	5.390186e+02	3.154452e+02
1	5.475804e+02	2.851002e+02
1	5.636014e+02	2.834009e+02
1	5.608228e+02	2.829114e+02
1	5.714755e+02	2.767669e+02
1	5.619347e+02	2.934359e+02
1	5.305245e+02	2.873566e+02
1	4.929953e+02	3.183147e+02
1	4.701865e+02	3.522611e+02
1	4.410979e+02	3.598368e+02
1	4.341026e+02	3.605711e+02
1	4.066597e+02	3.477576e+02
1	4.105035e+02	3.514079e+02
1	3.911119e+02	3.361841e+02
1	4.222611e+02	3.472890e+02
1	4.661329e+02	3.447483e+02
1	4.955175e+02	3.457226e+02
1	5.333893e+02	3.510606e+02
1	5.666597e+02	3.535012e+02
1	5.453939e+02	3.421981e+02
1	5.563310e+02	3.278462e+02
1	5.081445e+02	3.003916e+02
1	4.946993e+02	2.862051e+02
1	4.736084e+02	2.506643e+02
1	4.769277e+02	2.727506e+02
1	4.647552e+02	2.626294e+02
1	4.852704e+02	2.582867e+02
1	5.329790e+02	2.289254e+02
1	5.547156e+02	2.237972e+02
1	5.935082e+02	2.137133e+02
1	6.103660e+02	2.118485e+02
1	6.169953e+02	2.095152e+02
1	6.129627e+02	2.515431e+02
1	5.818135e+02	2.861445e+02
1	5.643473e+02	3.324499e+02
1	5.156807e+02	3.469301e+02
1	4.972611e+02	3.552424e+02
1	4.839697e+02	3.437179e+02
1	5.157995e+02	3.144592e+02
1	5.612494e+02	2.810490e+02
1	5.515711e+02	2.536480e+02
1	5.688601e+02	2.212051e+02
1	5.546643e+02	2.124942e+02
1	5.698718e+02	2.217622e+02
1	5.745105e+02	2.282751e+02
1	5.331142e+02	2.572821e+02
1	5.193077e+02	2.784522e+02
1	4.806737e+02	3.003916e+02
1	5.211888e+02	3.355175e+02
1	4.963193e+02	3.455478e+02
1	4.717529e+02	3.442098e+02
1	5.005478e+02	3.117506e+02
1	5.147459e+02	2.912657e+02
1	5.423963e+02	2.937506e+02
1	5.244149e+02	2.821259e+02
1	4.894079e+02	2.725548e+02
1	5.040676e+02	2.592448e+02
1	4.941702e+02	2.792028e+02
1	4.973497e+02	3.130396e+02
1	4.868345e+02	3.345315e+02
2	4.756154e+02	5.557762e+02
2	5.656224e+02	6.235524e+02
2	6.189184e+02	6.574918e+02
2	6.414615e+02	6.647424e+02
2	6.392098e+02	6.524522e+02
2	6.181212e+02	6.277692e+02
2	5.973636e+02	5.966364e+02
2	5.289744e+02	5.715268e+02
2	4.664685e+02	5.724685e+02
2	4.572331e+02	5.597622e+02
2	4.841142e+02	5.733310e+02
2	4.805664e+02	6.121935e+02
2	5.131795e+02	6.046737e+02
2	4.982028e+02	6.085175e+02
2	4.954848e+02	6.137226e+02
2	5.636457e+02	6.303939e+02
2	5.891049e+02	6.238601e+02
2	5.634312e+02	6.085455e+02
2	5.573776e+02	6.215897e+02
2	5.576900e+02	6.515105e+02
2	5.051725e+02	6.347040e+02
2	4.839277e+02	6.424382e+02
2	4.612890e+02	6.491678e+02
2	4.253566e+02	6.501422e+02
2	3.819184e+02	6.714592e+02
2	4.270070e+02	6.791515e+02
2	4.490606e+02	6.917203e+02
2	4.633287e+02	6.882145e+02
2	4.586830e+02	6.705921e+02
2	4.900373e+02	6.488904e+02
2	4.778928e+02	6.129231e+02
2	4.937925e+02	5.768788e+02
2	4.908042e+02	5.562075e+02
2	4.840140e+02	5.269930e+02
2	4.420047e+02	5.682890e+02
2	4.374545e+02	6.135058e+02
2	4.498368e+02	6.452424e+02
2	4.519301e+02	6.872960e+02
2	4.608881e+02	7.101142e+02
2	4.895874e+02	6.986713e+02
2	4.924242e+02	6.818788e+02
2	5.069464e+02	6.454266e+02
2	5.492051e+02	6.135548e+02
2	5.236900e+02	5.583636e+02
2	5.127413e+02	5.650699e+02
2	5.302191e+02	5.399814e+02
2	5.586037e+02	5.687599e+02
2	5.700653e+02	6.259091e+02
2	6.022191e+02	6.448089e+02
2	5.637855e+02	6.441166e+02
2	5.459394e+02	6.221259e+02
2	5.191282e+02	5.807995e+02
2	5.325804e+02	5.631538e+02
2	5.216597e+02	5.222354e+02
2	5.278182e+02	5.161888e+02
2	5.266550e+02	4.976340e+02
2	5.007576e+02	5.371212e+02
2	4.709883e+02	5.477179e+02
2	4.794592e+02	5.796224e+02
2	4.643846e+02	5.825012e+02
2	4.624033e+02	5.946620e+02
2	4.542098e+02	6.116667e+02
2	4.619324e+02	6.346037e+02
2	4.668531e+02	6.138042e+02
2	5.112448e+02	6.252844e+02
2	5.279790e+02	6.018275e+02
2	5.307669e+02	5.760653e+02
2	5.538042e+02	5.751678e+02
2	6.324242e+02	6.099930e+02
2	6.582354e+02	6.128858e+02
2	6.267063e+02	6.395828e+02
2	6.013776e+02	6.596573e+02
2	5.581818e+02	6.428508e+02
2	5.182517e+02	6.111702e+02
2	5.449417e+02	5.962168e+02
2	5.040862e+02	5.502075e+02
2	5.190443e+02	5.394172e+02
2	5.301911e+02	5.296690e+02
2	5.616620e+02	5.281748e+02
2	5.254172e+02	5.688042e+02
2	5.185268e+02	5.776061e+02
2	5.351189e+02	5.811655e+02
2	5.393077e+02	5.763730e+02
2	5.188928e+02	5.895828e+02
2	5.203823e+02	6.009254e+02
2	5.063800e+02	5.900559e+02
2	5.497203e+02	6.034429e+02
2	5.010350e+02	5.980326e+02
2	5.165804e+02	6.121375e+02
2	5.087040e+02	6.563380e+02
2	5.257273e+02	6.429837e+02
2	5.575594e+02	6.495944e+02
2	5.610653e+02	6.505315e+02
2	5.618298e+02	6.491049e+02
2	5.249207e+02	6.587786e+02
2	5.259580e+02	6.188881e+02
2	5.309254e+02	5.930186e+02
2	4.823846e+02	5.961445e+02
2	5.014103e+02	5.890256e+02
2	5.022704e+02	5.934056e+02
2	4.733450e+02	6.063473e+02
2	5.105781e+02	6.290117e+02
2	5.196923e+02	6.388718e+02
2	5.262984e+02	6.128671e+02
2	5.098951e+02	6.171515e+02
2	5.476340e+02	5.804592e+02
2	5.601562e+02	5.392191e+02
2	5.583403e+02	5.045618e+02
2	5.844476e+02	4.846737e+02
2	5.944615e+02	4.683660e+02
2	6.063706e+02	4.748625e+02
2	6.110490e+02	4.607809e+02
2	6.252051e+02	4.626457e+02
2	6.496364e+02	4.474709e+02
2	7.040326e+02	4.417273e+02
2	6.981958e+02	4.596597e+02
2	6.870723e+02	4.886690e+02
2	6.744289e+02	4.963846e+02
2	6.734476e+02	5.188555e+02
2	6.401445e+02	5.294848e+02
2	6.141935e+02	5.238205e+02
2	5.583450e+02	4.839814e+02
2	5.857249e+02	4.686200e+02
2	6.182984e+02	4.269930e+02
2	6.705105e+02	3.951702e+02
2	6.589697e+02	4.127389e+02
2	6.745035e+02	4.054709e+02
2	7.030629e+02	3.915408e+02
2	7.220979e+02	4.255734e+02
2	7.545245e+02	4.502261e+02
2	7.842098e+02	4.673613e+02
2	7.766830e+02	4.683193e+02
2	7.873590e+02	4.768555e+02
2	7.339417e+02	4.877972e+02
2	6.976224e+02	4.882657e+02
2	6.591772e+02	4.805524e+02
2	6.199231e+02	4.561748e+02
2	6.411375e+02	4.368625e+02
2	6.574009e+02	4.674429e+02
2	7.065548e+02	4.743986e+02
2	7.283846e+02	4.886970e+02
2	7.109441e+02	4.958555e+02
2	7.253986e+02	5.191002e+02
2	6.542378e+02	5.284266e+02
2	6.542214e+02	5.238485e+02
2	6.936876e+02	5.240210e+02
2	6.898065e+02	5.298881e+02
2	7.237016e+02	5.184569e+02
2	7.413543e+02	5.342424e+02
2	7.420396e+02	5.075897e+02
2	7.087156e+02	4.659883e+02
2	6.466597e+02	4.541911e+02
2	6.653846e+02	4.610070e+02
2	6.073660e+02	4.639441e+02
2	6.159254e+02	4.820466e+02
2	5.726200e+02	5.354779e+02
2	5.516340e+02	5.482098e+02
3	9.640350e+02	6.828601e+02
3	1.104615e+03	5.883636e+02
3	1.184221e+03	5.449301e+02
3	1.215182e+03	5.404639e+02
3	1.209825e+03	5.628695e+02
3	1.180480e+03	6.000513e+02
3	1.141730e+03	6.052471e+02
3	1.104702e+03	6.356480e+02
3	1.135464e+03	6.765851e+02
3	1.109422e+03	6.944242e+02
3	1.052769e+03	6.876900e+02
3	1.080224e+03	6.558345e+02
3	1.102795e+03	6.820093e+02
3	1.070340e+03	6.601911e+02
3	1.086622e+03	6.558648e+02
3	1.135259e+03	6.316224e+02
3	1.152732e+03	5.837646e+02
3	1.178121e+03	6.114662e+02
3	1.204336e+03	6.327716e+02
3	1.178490e+03	6.200979e+02
3	1.176434e+03	6.367739e+02
3	1.150755e+03	6.496061e+02
3	1.149604e+03	6.616760e+02
3	1.151555e+03	6.537809e+02
3	1.201161e+03	6.449277e+02
3	1.235501e+03	5.887599e+02
3	1.246298e+03	5.664545e+02
3	1.247839e+03	5.994172e+02
3	1.304256e+03	6.034918e+02
3	1.304091e+03	6.037716e+02
3	1.341459e+03	6.438671e+02
3	1.330093e+03	6.391119e+02
3	1.339979e+03	6.206690e+02
3	1.308273e+03	6.147692e+02
3	1.300832e+03	5.911049e+02
3	1.233277e+03	5.705944e+02
3	1.180210e+03	5.625501e+02
3	1.146918e+03	5.974499e+02
3	1.150727e+03	5.906923e+02
3	1.072354e+03	5.734965e+02
3	1.072012e+03	6.122634e+02
3	1.113690e+03	5.916037e+02
3	1.159774e+03	5.543636e+02
3	1.199280e+03	5.351049e+02
3	1.235417e+03	5.122914e+02
3	1.208501e+03	5.403613e+02
3	1.230869e+03	5.405198e+02
3	1.254389e+03	5.630979e+02
3	1.203212e+03	5.805198e+02
3	1.102984e+03	6.114242e+02
3	1.072343e+03	6.516247e+02
3	1.104620e+03	6.419231e+02
3	1.117154e+03	6.299510e+02
3	1.119303e+03	6.340140e+02
3	1.112016e+03	6.535758e+02
3	1.078608e+03	6.573263e+02
3	1.133438e+03	6.300350e+02
3	1.180100e+03	6.324056e+02
3	1.191098e+03	6.504149e+02
3	1.157517e+03	6.564359e+02
3	1.200448e+03	6.632587e+02
3	1.192128e+03	6.667483e+02
3	1.196350e+03	6.842751e+02
3	1.217653e+03	6.861469e+02
3	1.201622e+03	6.377436e+02
3	1.180249e+03	6.148485e+02
3	1.231033e+03	5.808858e+02
3	1.272641e+03	5.860070e+02
3	1.258564e+03	5.930559e+02
3	1.252958e+03	6.002214e+02
3	1.228375e+03	6.160606e+02
3	1.184578e+03	6.322681e+02
3	1.217138e+03	6.328462e+02
3	1.243121e+03	5.894895e+02
3	1.235387e+03	5.212797e+02
3	1.291044e+03	5.177133e+02
3	1.304660e+03	4.550606e+02
3	1.361911e+03	4.415221e+02
3	1.349534e+03	4.324639e+02
3	1.385464e+03	4.414755e+02
3	1.343380e+03	4.125221e+02
3	1.385494e+03	4.165128e+02
3	1.429550e+03	3.918741e+02
3	1.445597e+03	3.821865e+02
3	1.447261e+03	3.784942e+02
3	1.454590e+03	3.692541e+02
3	1.408923e+03	3.540163e+02
3	1.403552e+03	3.488834e+02
3	1.378503e+03	3.671841e+02
3	1.391226e+03	3.673217e+02
3	1.390056e+03	3.562005e+02
3	1.449807e+03	3.747599e+02
3	1.455664e+03	3.549744e+02
3	1.434196e+03	3.725641e+02
3	1.391786e+03	3.948858e+02
3	1.384646e+03	3.944056e+02
3	1.374294e+03	4.050396e+02
3	1.369324e+03	3.913543e+02
3	1.381207e+03	3.902541e+02
3	1.349837e+03	3.805245e+02
3	1.380662e+03	4.037739e+02
3	1.392951e+03	3.864079e+02
3	1.366974e+03	3.849044e+02
3	1.321051e+03	3.844126e+02
3	1.336944e+03	3.897343e+02
3	1.355410e+03	3.647762e+02
3	1.349301e+03	3.466107e+02
3	1.378772e+03	3.352378e+02
3	1.409650e+03	3.398392e+02
3	1.414862e+03	3.555758e+02
3	1.479702e+03	3.813986e+02
3	1.470434e+03	4.016900e+02
3	1.499089e+03	4.498951e+02
3	1.466096e+03	4.328182e+02
3	1.534797e+03	4.524709e+02
3	1.516350e+03	4.363287e+02
3	1.452783e+03	4.456527e+02
3	1.483354e+03	4.509277e+02
4	5.351748e+02	4.475245e+02
4	5.583007e+02	3.722517e+02
4	5.656993e+02	3.345571e+02
4	5.611923e+02	3.259674e+02
4	5.486014e+02	3.380093e+02
4	5.317483e+02	3.622098e+02
4	4.986876e+02	3.761911e+02
4	5.144382e+02	3.784172e+02
4	5.054569e+02	4.017343e+02
4	5.027179e+02	3.907506e+02
4	5.019091e+02	4.191002e+02
4	5.243566e+02	4.153450e+02
4	5.555105e+02	3.913823e+02
4	6.042517e+02	4.252821e+02
4	6.116247e+02	4.133193e+02
4	6.630886e+02	4.526597e+02
4	6.965548e+02	4.503380e+02
4	6.960256e+02	4.333963e+02
4	6.542448e+02	4.162331e+02
4	6.338718e+02	3.978578e+02
4	5.698298e+02	3.963730e+02
4	5.312261e+02	3.524382e+02
4	5.578438e+02	3.552098e+02
4	5.720350e+02	4.105175e+02
4	5.538881e+02	3.776923e+02
4	6.418741e+02	4.069744e+02
4	6.974732e+02	4.184615e+02
4	7.172145e+02	4.084545e+02
4	6.825991e+02	3.774079e+02
4	6.697949e+02	3.838135e+02
4	6.584336e+02	3.656410e+02
4	6.068578e+02	3.815571e+02
4	6.222051e+02	4.217809e+02
4	6.050793e+02	4.590629e+02
4	6.039394e+02	4.203543e+02
4	6.828392e+02	4.324056e+02
4	6.874499e+02	4.090047e+02
4	6.874149e+02	3.735828e+02
4	6.856154e+02	3.239464e+02
4	6.893007e+02	3.260420e+02
4	7.049207e+02	3.304592e+02
4	6.597063e+02	3.950233e+02
4	6.346923e+02	4.146410e+02
4	6.027622e+02	4.285058e+02
4	6.463543e+02	4.169674e+02
4	6.154406e+02	3.839534e+02
4	5.778601e+02	3.637389e+02
4	5.527249e+02	3.255128e+02
4	5.831189e+02	3.031585e+02
4	5.857692e+02	2.915361e+02
4	6.093147e+02	2.851492e+02
4	5.939557e+02	3.157413e+02
4	5.913730e+02	3.230629e+02
4	5.870303e+02	3.641375e+02
4	6.041911e+02	3.784359e+02
4	5.686807e+02	3.604056e+02
4	5.663683e+02	3.871888e+02
4	5.713497e+02	4.086876e+02
4	5.996923e+02	4.321026e+02
4	6.228205e+02	4.183077e+02
4	6.435012e+02	4.097249e+02
4	6.332867e+02	3.756597e+02
4	6.497809e+02	3.505921e+02
4	6.242844e+02	3.381259e+02
4	6.329417e+02	2.699371e+02
4	6.267226e+02	2.393660e+02
4	5.875058e+02	2.879697e+02
4	5.578881e+02	3.337762e+02
4	5.366760e+02	3.740816e+02
4	5.454009e+02	4.022774e+02
4	5.368252e+02	4.211422e+02
4	5.285291e+02	3.995571e+02
4	5.270233e+02	3.944779e+02
4	5.478508e+02	3.673357e+02
4	5.871166e+02	3.215221e+02
4	6.110676e+02	3.599021e+02
4	5.718741e+02	3.936737e+02
4	5.975128e+02	4.067855e+02
4	5.844592e+02	4.194592e+02
4	5.806503e+02	4.081492e+02
4	5.779184e+02	4.040932e+02
4	5.453310e+02	4.080932e+02
4	5.356200e+02	4.129417e+02
4	5.340350e+02	4.142261e+02
4	5.253287e+02	4.227552e+02
4	5.655478e+02	4.458135e+02
4	5.291469e+02	4.038671e+02
4	5.537040e+02	3.840163e+02
4	5.396107e+02	3.798951e+02
4	5.762867e+02	3.625128e+02
4	5.744079e+02	3.323636e+02
4	6.111841e+02	3.480559e+02
4	6.662611e+02	3.556853e+02
4	6.863287e+02	3.658345e+02
4	7.143939e+02	3.735361e+02
4	7.587179e+02	3.548765e+02
4	7.102121e+02	3.293124e+02
4	6.923030e+02	3.490373e+02
4	6.700979e+02	3.557879e+02
4	6.310303e+02	3.771002e+02
4	5.841888e+02	3.726270e+02
4	5.928042e+02	4.275967e+02
4	5.893240e+02	4.240886e+02
4	5.876573e+02	4.490280e+02
4	5.943124e+02	4.337529e+02
4	5.936294e+02	4.354452e+02
4	5.965828e+02	4.064592e+02
4	6.103124e+02	3.769068e+02
4	6.096410e+02	3.670280e+02
4	5.992284e+02	3.513800e+02
4	6.184242e+02	3.583380e+02
4	6.285175e+02	3.590606e+02
4	6.450186e+02	3.400186e+02
4	6.307716e+02	3.814476e+02
4	6.188042e+02	3.724429e+02
4	5.842587e+02	4.208182e+02
4	5.720862e+02	4.065828e+02
4	5.682214e+02	4.032051e+02
4	5.721748e+02	4.374732e+02
4	5.494709e+02	4.212751e+02
4	5.897762e+02	4.535035e+02
4	6.020816e+02	4.212098e+02
4	5.963730e+02	4.045152e+02
4	5.846830e+02	3.973660e+02
4	5.615524e+02	3.729720e+02
4	5.368415e+02	3.582378e+02
4	5.555175e+02	3.464149e+02
4	5.813613e+02	3.276364e+02
4	6.077249e+02	3.707786e+02
4	5.963240e+02	3.908112e+02
4	6.377063e+02	4.318578e+02
4	6.155221e+02	4.378298e+02
4	5.924988e+02	4.591469e+02
4	5.864242e+02	4.623520e+02
4	5.692611e+02	4.089510e+02
4	5.708998e+02	3.594312e+02
4	6.089814e+02	3.523287e+02
4	6.114569e+02	3.207902e+02
4	6.211282e+02	3.228065e+02
4	6.142378e+02	3.226643e+02
4	5.938765e+02	3.320070e+02
4	5.608042e+02	3.676084e+02
4	5.721026e+02	3.860629e+02
4	5.412844e+02	3.977809e+02
4	5.194219e+02	3.828135e+02
4	5.104056e+02	3.991865e+02
4	5.599930e+02	3.857692e+02
4	5.809044e+02	3.555058e+02
4	6.483240e+02	3.276457e+02
4	7.221841e+02	2.982634e+02
4	7.474755e+02	2.579254e+02
4	7.304825e+02	3.134639e+02
4	7.265967e+02	3.494732e+02
4	6.502238e+02	4.214848e+02
4	5.889674e+02	4.605967e+02
4	5.481469e+02	4.923240e+02
4	5.297506e+02	4.611585e+02
4	5.495221e+02	4.148275e+02
4	6.123427e+02	3.681212e+02
4	6.564009e+02	3.099487e+02
4	6.584825e+02	2.519068e+02
4	6.219138e+02	3.001772e+02
4	6.267902e+02	3.187576e+02
4	6.322145e+02	3.312354e+02
4	6.057273e+02	3.288974e+02
4	6.034103e+02	3.369347e+02
4	6.030443e+02	3.281935e+02
4	6.231049e+02	3.259021e+02
4	6.090886e+02	3.374429e+02
4	5.933846e+02	3.648555e+02
4	5.824312e+02	3.852214e+02
4	5.441212e+02	4.049301e+02
4	5.416923e+02	4.143147e+02
4	5.812214e+02	3.860280e+02
4	5.666667e+02	3.601958e+02
4	5.675268e+02	3.535548e+02
4	5.814429e+02	3.460023e+02
4	5.807972e+02	3.720140e+02
4	5.577739e+02	3.878578e+02
4	5.822867e+02	4.162844e+02
4	5.847413e+02	4.340653e+02
4	5.602797e+02	4.077436e+02
4	5.755734e+02	4.093893e+02
4	6.082238e+02	4.075035e+02
4	5.903427e+02	4.006946e+02
4	5.971375e+02	4.171562e+02
4	5.911841e+02	4.135594e+02
4	5.998135e+02	4.414709e+02
4	5.913706e+02	4.320280e+02
4	6.211981e+02	4.363800e+02
4	6.294312e+02	4.314103e+02
4	6.276037e+02	4.133077e+02
4	6.355524e+02	3.994895e+02
4	6.444382e+02	3.967343e+02
4	6.303823e+02	3.719417e+02
4	6.303566e+02	3.905105e+02
4	5.616410e+02	3.977040e+02
4	5.447506e+02	3.826200e+02
4	5.352681e+02	3.817133e+02
4	5.350117e+02	4.052634e+02
4	5.806737e+02	4.118368e+02
4	5.949487e+02	3.972354e+02
4	5.971538e+02	3.743590e+02
4	5.983776e+02	3.448322e+02
4	6.102657e+02	3.450676e+02
4	5.942541e+02	3.547786e+02
4	5.612354e+02	3.571981e+02
4	5.588881e+02	3.336900e+02
4	5.625734e+02	3.641655e+02
4	5.660513e+02	3.819627e+02
4	5.662168e+02	4.078462e+02
4	5.806387e+02	4.131515e+02
4	5.393473e+02	4.291049e+02
4	5.334452e+02	4.295268e+02
4	5.395082e+02	4.328182e+02
4	5.343357e+02	4.298322e+02
4	5.577459e+02	4.217483e+02
4	5.899044e+02	3.961096e+02
4	5.845571e+02	3.890350e+02
4	5.839930e+02	3.587995e+02
4	5.738089e+02	3.733869e+02
4	5.920699e+02	3.613263e+02
4	5.588811e+02	3.596737e+02
4	5.637762e+02	3.630350e+02
4	5.375594e+02	3.769883e+02
4	5.332075e+02	3.775408e+02
4	5.464009e+02	3.856713e+02
4	5.452611e+02	3.813566e+02
4	5.151305e+02	3.571632e+02
4	5.194802e+02	3.353823e+02
4	5.575594e+02	3.170396e+02
4	5.883776e+02	2.820023e+02
4	6.118112e+02	2.831795e+02
4	6.208065e+02	2.809114e+02
4	6.005128e+02	3.108578e+02
4	5.974592e+02	3.453240e+02
4	5.668345e+02	4.021259e+02
4	5.488998e+02	4.202378e+02
4	5.427506e+02	4.026037e+02
4	5.609627e+02	4.054662e+02
4	5.739930e+02	3.787040e+02
4	5.567366e+02	3.422960e+02
4	5.625804e+02	3.339021e+02
4	5.613706e+02	2.983916e+02
4	5.175734e+02	3.364848e+02
4	5.460070e+02	3.588718e+02
4	5.074242e+02	3.755338e+02
4	5.107459e+02	3.588415e+02
4	5.286900e+02	3.545734e+02
4	5.708834e+02	3.505618e+02
4	5.760163e+02	3.446550e+02
4	5.595921e+02	3.648601e+02
4	5.948858e+02	4.082494e+02
4	5.927156e+02	3.965711e+02
4	5.644779e+02	4.278601e+02
4	5.726970e+02	4.114592e+02
4	5.274009e+02	4.267576e+02
4	5.368065e+02	4.230559e+02
4	5.393590e+02	4.193660e+02
4	5.716970e+02	3.769277e+02
4	5.883986e+02	3.684499e+02
4	6.002797e+02	4.052914e+02
4	6.619487e+02	3.983147e+02
4	6.323590e+02	3.665874e+02
4	5.969138e+02	3.689138e+02
4	5.417716e+02	3.486247e+02
4	5.394662e+02	3.789044e+02
4	5.616830e+02	3.996410e+02
4	5.610886e+02	3.787319e+02
4	5.688671e+02	3.697040e+02
4	5.990326e+02	4.000023e+02
4	5.958904e+02	3.960326e+02
4	6.134242e+02	3.652890e+02
4	5.909767e+02	3.542494e+02
4	5.810326e+02	3.480303e+02
4	5.578741e+02	3.559930e+02
4	5.613147e+02	3.767389e+02
4	5.889767e+02	4.067319e+02
4	5.796690e+02	4.099441e+02
4	5.641818e+02	4.568974e+02
4	5.425361e+02	4.917156e+02
4	5.073520e+02	4.583823e+02
4	5.219231e+02	4.325152e+02
4	5.706084e+02	4.045338e+02
4	5.978671e+02	3.919441e+02
4	5.967622e+02	3.778695e+02
4	6.108275e+02	3.244872e+02
4	6.388112e+02	3.272051e+02
4	6.126061e+02	3.456573e+02
4	6.075012e+02	3.747972e+02
4	5.746364e+02	3.701655e+02
4	5.781981e+02	3.566923e+02
4	5.924569e+02	3.587576e+02
4	6.151072e+02	3.747086e+02
4	6.248462e+02	3.678298e+02
4	5.859697e+02	3.644709e+02
4	5.638881e+02	3.426690e+02
4	5.459837e+02	3.424709e+02
4	5.082448e+02	3.521096e+02
4	5.046620e+02	3.682051e+02
4	5.145991e+02	3.360536e+02
4	5.258415e+02	3.478904e+02
4	5.142191e+02	3.673333e+02
4	5.221282e+02	3.998368e+02
4	5.298788e+02	4.013497e+02
4	4.905198e+02	4.294242e+02
4	4.705175e+02	4.243170e+02
4	4.889860e+02	4.228205e+02
4	4.908625e+02	4.149814e+02
4	5.239184e+02	4.173636e+02
4	5.770932e+02	3.735618e+02
4	5.424056e+02	3.664359e+02
4	5.364965e+02	3.541515e+02
4	5.567972e+02	3.310793e+02
4	5.516457e+02	3.154056e+02
4	5.521772e+02	3.043963e+02
4	5.800699e+02	3.034872e+02
4	6.165967e+02	3.129930e+02
4	5.935781e+02	3.121935e+02
4	6.046177e+02	3.565268e+02
4	6.050466e+02	3.699347e+02
4	5.273543e+02	3.919510e+02
4	5.639510e+02	3.949930e+02
4	5.547786e+02	3.784942e+02
4	5.705105e+02	3.918182e+02
4	6.123473e+02	3.799510e+02
4	6.545618e+02	3.649907e+02
4	7.184569e+02	3.543497e+02
4	6.797622e+02	3.483660e+02
4	7.066737e+02	3.544732e+02
4	6.590326e+02	3.416876e+02
4	5.961888e+02	3.671608e+02
4	5.695828e+02	3.548741e+02
4	4.907389e+02	3.711026e+02
4	4.552657e+02	3.754429e+02
4	4.361608e+02	3.891445e+02
4	4.704732e+02	3.862284e+02
4	5.639953e+02	3.882401e+02
4	5.800676e+02	3.554429e+02
4	6.419977e+02	3.422821e+02
4	6.873823e+02	3.551469e+02
4	6.931189e+02	3.937809e+02
4	6.483100e+02	3.908228e+02
4	5.953403e+02	4.444149e+02
4	5.594825e+02	4.515944e+02
4	5.242075e+02	4.666853e+02
4	5.103846e+02	4.534336e+02
4	5.035105e+02	4.275688e+02
4	4.964476e+02	3.876457e+02
4	4.815221e+02	3.837692e+02
4	5.257529e+02	3.695501e+02
4	4.923963e+02	3.526061e+02
4	5.058648e+02	3.292354e+02
4	5.489837e+02	3.594779e+02
4	5.429650e+02	3.643263e+02
4	5.583193e+02	3.802354e+02
4	5.779417e+02	4.063403e+02
4	5.738019e+02	3.917110e+02
4	5.731865e+02	3.872005e+02
4	5.557669e+02	4.158951e+02
4	5.577995e+02	4.045828e+02
4	5.236876e+02	3.980256e+02
4	5.690629e+02	3.888765e+02
4	5.737809e+02	3.939883e+02
4	5.727156e+02	3.987273e+02
4	6.178951e+02	3.834942e+02
4	6.054172e+02	3.714126e+02
4	5.732191e+02	3.219184e+02
4	5.554779e+02	3.441235e+02
4	5.115245e+02	3.621212e+02
4	4.844242e+02	3.794009e+02
4	4.776061e+02	4.096993e+02
4	5.091375e+02	4.029627e+02
4	5.312867e+02	4.088415e+02
4	6.122984e+02	4.144615e+02
4	6.221072e+02	4.104825e+02
4	6.223287e+02	4.060513e+02
4	6.386550e+02	3.996946e+02
4	6.222424e+02	4.092168e+02
4	5.820396e+02	3.902401e+02
4	5.950793e+02	3.875455e+02
4	5.660070e+02	3.768112e+02
4	5.617576e+02	3.538485e+02
4	5.118462e+02	3.374079e+02
4	5.236550e+02	3.572984e+02
4	4.887459e+02	3.830303e+02
4	5.067273e+02	3.954312e+02
4	5.131189e+02	3.981702e+02
4	5.103730e+02	3.884149e+02
4	5.295245e+02	3.622238e+02
4	5.684429e+02	3.568834e+02
4	5.558951e+02	3.569604e+02
4	5.676923e+02	3.605711e+02
4	4.973683e+02	3.585268e+02
4	4.930093e+02	3.936387e+02
4	4.652844e+02	4.230163e+02
4	4.811888e+02	4.238998e+02
4	4.762634e+02	4.273380e+02
4	4.642121e+02	4.261002e+02
4	4.686620e+02	3.949720e+02
4	5.226807e+02	3.732704e+02
4	5.494802e+02	3.843636e+02
4	5.608135e+02	4.217552e+02
4	5.550303e+02	4.337855e+02
4	5.368811e+02	4.407086e+02
4	5.534149e+02	4.524336e+02
4	5.996573e+02	4.276643e+02
4	6.075711e+02	4.431515e+02
4	6.262844e+02	4.157576e+02
4	6.140839e+02	4.092704e+02
4	6.546550e+02	3.690909e+02
4	6.277506e+02	3.902051e+02
4	5.818788e+02	3.866107e+02
4	5.672354e+02	3.811865e+02
4	5.370350e+02	3.780513e+02
4	5.689464e+02	3.793403e+02
4	5.876480e+02	3.607389e+02
4	5.884499e+02	3.931772e+02
4	6.126830e+02	3.700839e+02
4	5.865688e+02	4.102028e+02
4	6.022960e+02	4.015548e+02
4	5.861422e+02	4.109114e+02
4	5.960956e+02	4.092168e+02
4	6.219674e+02	4.228322e+02
4	6.303170e+02	4.401189e+02
4	5.913893e+02	4.241585e+02
4	5.663893e+02	4.088275e+02
4	5.311352e+02	4.428042e+02
4	4.838065e+02	4.228205e+02
4	4.614266e+02	4.173939e+02
4	4.640979e+02	3.975781e+02
4	4.882471e+02	3.931142e+02
4	5.271935e+02	3.815594e+02
4	5.598671e+02	3.709254e+02
4	6.018695e+02	3.683590e+02
4	5.959627e+02	3.494079e+02
4	6.148159e+02	3.251608e+02
4	6.186690e+02	3.247576e+02
4	5.850979e+02	3.270932e+02
4	6.057552e+02	3.178578e+02
4	5.655012e+02	3.388368e+02
4	5.550233e+02	3.395221e+02
4	5.391096e+02	3.657716e+02
4	4.911189e+02	3.565524e+02
4	5.385245e+02	3.832471e+02
4	5.247669e+02	4.026061e+02
4	5.090210e+02	3.945594e+02
4	5.056387e+02	4.055524e+02
4	4.936527e+02	4.277669e+02
4	5.094499e+02	4.146154e+02
4	5.122028e+02	3.731212e+02
4	5.398928e+02	3.586294e+02
4	5.641375e+02	3.519231e+02
4	5.835291e+02	3.219883e+02
4	6.536107e+02	3.336667e+02
4	6.290163e+02	3.557296e+02
4	6.140070e+02	3.710233e+02
4	5.955152e+02	3.938555e+02
4	5.878928e+02	3.935361e+02
4	5.615548e+02	3.864242e+02
4	5.829744e+02	3.365548e+02
4	5.309277e+02	3.469627e+02
4	5.545991e+02	3.303497e+02
4	5.805944e+02	3.309907e+02
4	5.461235e+02	3.364382e+02
4	4.855012e+02	3.330093e+02
4	5.586037e+02	2.971538e+02
4	6.186503e+02	2.747436e+02
4	7.495828e+02	2.729977e+02
4	8.547249e+02	2.535851e+02
4	9.784033e+02	2.299650e+02
4	1.058277e+03	2.282424e+02
4	1.197650e+03	2.496550e+02
4	1.235662e+03	2.763473e+02
4	1.231718e+03	2.937879e+02
4	1.213410e+03	2.928695e+02
4	1.287555e+03	2.650513e+02
4	1.240343e+03	2.516247e+02
4	1.269911e+03	2.472168e+02
4	1.206007e+03	2.187669e+02
4	1.224664e+03	1.866946e+02
4	1.191287e+03	1.902401e+02
4	1.099210e+03	1.983193e+02
5	8.182098e+02	3.481678e+02
5	7.061958e+02	3.576573e+02
5	6.431608e+02	3.647436e+02
5	6.187925e+02	3.687168e+02
5	6.227786e+02	3.688671e+02
5	6.448065e+02	3.644848e+02
5	6.646387e+02	3.480886e+02
5	6.651865e+02	3.297692e+02
5	6.948695e+02	3.082541e+02
5	7.077483e+02	3.143846e+02
5	6.993030e+02	3.376270e+02
5	7.106037e+02	3.457156e+02
5	6.853869e+02	3.432797e+02
5	6.646853e+02	3.603077e+02
5	6.531422e+02	3.569347e+02
5	6.863776e+02	3.402517e+02
5	7.236597e+02	3.192145e+02
5	7.146550e+02	3.169953e+02
5	7.043543e+02	3.039627e+02
5	7.411445e+02	3.157366e+02
5	7.827576e+02	3.563683e+02
5	7.780350e+02	3.865221e+02
5	7.386573e+02	4.383124e+02
5	7.255291e+02	4.458112e+02
5	7.084988e+02	4.883263e+02
5	6.893753e+02	4.807343e+02
5	7.183683e+02	4.663357e+02
5	7.047576e+02	4.204499e+02
5	7.026387e+02	3.486876e+02
5	7.500606e+02	2.987786e+02
5	7.759720e+02	3.073706e+02
5	7.734382e+02	2.907110e+02
5	7.599114e+02	3.286131e+02
5	7.106037e+02	3.217249e+02
5	7.099883e+02	3.456713e+02
5	6.907576e+02	3.212564e+02
5	7.222587e+02	3.286061e+02
5	7.542960e+02	3.091632e+02
5	7.354429e+02	3.129441e+02
5	7.487413e+02	3.181632e+02
5	7.564615e+02	3.514522e+02
5	7.479324e+02	3.678089e+02
5	7.246550e+02	3.847832e+02
5	6.659720e+02	3.842867e+02
5	6.665221e+02	3.654755e+02
5	6.747832e+02	3.426760e+02
5	6.725571e+02	3.243846e+02
5	7.003263e+02	3.124476e+02
5	6.615478e+02	2.952238e+02
5	7.161399e+02	2.975688e+02
5	6.974802e+02	3.242751e+02
5	7.092564e+02	3.475874e+02
5	7.298508e+02	3.473357e+02
5	7.071002e+02	3.383520e+02
5	6.782541e+02	3.441166e+02
5	6.892121e+02	3.463566e+02
5	6.905455e+02	3.608625e+02
5	7.216200e+02	3.684918e+02
5	7.063939e+02	3.720513e+02
5	7.658462e+02	3.705128e+02
5	7.486107e+02	4.001212e+02
5	7.520606e+02	4.080303e+02
5	7.258765e+02	3.904662e+02
5	6.652821e+02	3.837622e+02
5	6.018648e+02	3.914732e+02
5	5.641585e+02	3.749371e+02
5	5.511935e+02	3.921049e+02
5	5.568228e+02	4.105921e+02
5	5.708438e+02	4.308112e+02
5	6.312774e+02	3.957086e+02
5	6.559604e+02	4.095268e+02
5	6.678392e+02	3.827203e+02
5	6.468834e+02	3.664662e+02
5	6.235967e+02	3.543660e+02
5	6.038858e+02	3.558881e+02
5	6.289650e+02	3.773636e+02
5	6.348928e+02	3.854406e+02
5	6.361935e+02	3.741678e+02
5	6.649301e+02	4.090186e+02
5	7.156270e+02	3.799068e+02
5	7.539953e+02	3.743170e+02
5	7.585501e+02	3.349161e+02
5	7.465944e+02	3.309720e+02
5	7.550606e+02	3.287646e+02
5	7.615897e+02	3.559953e+02
5	7.966061e+02	3.800746e+02
5	7.568788e+02	3.835315e+02
5	7.690746e+02	3.897809e+02
5	7.812005e+02	4.154056e+02
5	7.676480e+02	3.953823e+02
5	7.796340e+02	3.969534e+02
5	7.465455e+02	3.997436e+02
5	7.241305e+02	3.830186e+02
5	7.038392e+02	3.500373e+02
5	7.007739e+02	3.347016e+02
5	7.143333e+02	3.218951e+02
5	6.851725e+02	3.319021e+02
5	7.238182e+02	3.120769e+02
5	6.977413e+02	3.020909e+02
5	6.824499e+02	3.017739e+02
5	7.125221e+02	3.217716e+02
5	7.084033e+02	3.435664e+02
5	7.002238e+02	3.323660e+02
5	6.648928e+02	3.221119e+02
5	7.165338e+02	3.408531e+02
5	7.444033e+02	3.382844e+02
5	7.283217e+02	3.249394e+02
5	7.057646e+02	3.150303e+02
5	6.576573e+02	3.198695e+02
5	6.757273e+02	3.466200e+02
5	6.759627e+02	3.537972e+02
5	6.463100e+02	3.427506e+02
5	6.114382e+02	3.372564e+02
5	5.481841e+02	3.588765e+02
5	5.797902e+02	3.649254e+02
5	5.765571e+02	3.612354e+02
5	5.662145e+02	3.402657e+02
5	5.451096e+02	3.508112e+02
5	5.476760e+02	3.742797e+02
5	5.850769e+02	4.081538e+02
5	6.088252e+02	4.124802e+02
5	6.163147e+02	4.166387e+02
5	6.417110e+02	4.053823e+02
5	6.372168e+02	4.159021e+02
5	6.613333e+02	4.050723e+02
5	6.492448e+02	4.203403e+02
5	6.634988e+02	4.020210e+02
5	6.548135e+02	3.933287e+02
5	6.372611e+02	3.968392e+02
5	6.147809e+02	3.883193e+02
5	6.149068e+02	3.892354e+02
5	5.858322e+02	3.797669e+02
5	5.700303e+02	3.441166e+02
5	5.697483e+02	3.405664e+02
5	6.027483e+02	3.554172e+02
5	6.324685e+02	3.417063e+02
5	6.751562e+02	3.477622e+02
5	6.573100e+02	3.301166e+02
5	6.337832e+02	3.335548e+02
5	6.225734e+02	3.293427e+02
5	6.336807e+02	3.182075e+02
5	6.444779e+02	3.010350e+02
5	6.308182e+02	2.858135e+02
5	7.079161e+02	2.949860e+02
5	7.763590e+02	2.785874e+02
5	8.134662e+02	2.648718e+02
5	8.157483e+02	3.117249e+02
5	7.872704e+02	3.053869e+02
5	7.574942e+02	3.426760e+02
5	7.252051e+02	3.407040e+02
5	7.145455e+02	3.379347e+02
5	6.848042e+02	3.183730e+02
5	6.315338e+02	3.028322e+02
5	6.291935e+02	2.991142e+02
5	5.634476e+02	2.633287e+02
5	5.380606e+02	2.823147e+02
5	5.428904e+02	2.884942e+02
5	5.504895e+02	2.952121e+02
5	5.830070e+02	3.164056e+02
5	6.084266e+02	3.185221e+02
5	6.581492e+02	3.309627e+02
5	7.017110e+02	3.500466e+02
5	7.179627e+02	3.555152e+02
5	7.228415e+02	3.616084e+02
5	7.140420e+02	3.342844e+02
5	7.330886e+02	3.384219e+02
5	7.176690e+02	3.173007e+02
5	6.926317e+02	2.955291e+02
5	6.841772e+02	3.047483e+02
5	6.657203e+02	3.325594e+02
5	6.403077e+02	3.712751e+02
5	6.109953e+02	3.911772e+02
5	5.823520e+02	4.028182e+02
5	6.141026e+02	3.675828e+02
5	6.532681e+02	3.500326e+02
5	6.657063e+02	3.507879e+02
5	6.815524e+02	3.368834e+02
5	7.347576e+02	3.373590e+02
5	7.506900e+02	3.940443e+02
5	8.183403e+02	4.383147e+02
5	8.132354e+02	4.663333e+02
5	8.091655e+02	4.542145e+02
5	7.850303e+02	4.419907e+02
5	7.367133e+02	3.981772e+02
5	7.023846e+02	3.728904e+02
5	6.816713e+02	3.319184e+02
5	6.561235e+02	3.158974e+02
5	6.844918e+02	3.228462e+02
5	6.880769e+02	3.267902e+02
5	7.502727e+02	3.251725e+02
5	7.661515e+02	3.190606e+02
5	7.680256e+02	2.908368e+02
5	7.346154e+02	2.836270e+02
5	7.125455e+02	2.863986e+02
5	6.885874e+02	2.781538e+02
5	6.518159e+02	2.890793e+02
5	6.228019e+02	3.340420e+02
5	6.253380e+02	3.706107e+02
5	6.264779e+02	3.976200e+02
5	6.312191e+02	4.141422e+02
5	6.766364e+02	4.108881e+02
5	6.795944e+02	3.711772e+02
5	7.065991e+02	3.507786e+02
5	6.973170e+02	3.358298e+02
5	6.551795e+02	3.272797e+02
5	6.393520e+02	3.195221e+02
5	6.804639e+02	3.350909e+02
5	6.851562e+02	3.245105e+02
5	6.998368e+02	3.486294e+02
5	7.034802e+02	3.431026e+02
5	7.623543e+02	3.340653e+02
5	7.871352e+02	3.357436e+02
5	7.768462e+02	3.283869e+02
5	7.539534e+02	3.434988e+02
5	7.521608e+02	3.320699e+02
5	7.437273e+02	3.417646e+02
5	7.597529e+02	3.674033e+02
5	7.319184e+02	3.570956e+02
5	6.673403e+02	3.713380e+02
5	6.849883e+02	3.386270e+02
5	7.220163e+02	3.325991e+02
5	7.286783e+02	3.268834e+02
5	7.159068e+02	3.184755e+02
5	7.113520e+02	3.409604e+02
5	7.079930e+02	3.411002e+02
5	7.398531e+02	3.631375e+02
5	7.122354e+02	3.812517e+02
5	7.092494e+02	3.881212e+02
5	6.766061e+02	3.898019e+02
5	7.470093e+02	3.824312e+02
5	7.450490e+02	3.873217e+02
5	7.347459e+02	3.901235e+02
5	6.986037e+02	3.960816e+02
5	6.800793e+02	4.176830e+02
5	6.703193e+02	3.975035e+02
5	6.786760e+02	3.783450e+02
5	6.701352e+02	3.544802e+02
5	7.050280e+02	3.262051e+02
5	6.991772e+02	3.307156e+02
5	7.582471e+02	3.198928e+02
5	7.395571e+02	3.268858e+02
5	7.245361e+02	3.295828e+02
5	6.749371e+02	3.208159e+02
5	6.663403e+02	3.310233e+02
5	6.454103e+02	3.200233e+02
5	6.602168e+02	3.372168e+02
5	6.920699e+02	3.154126e+02
5	6.772448e+02	3.044359e+02
5	6.624079e+02	3.070023e+02
5	6.822051e+02	3.024336e+02
5	6.644779e+02	3.043217e+02
5	6.156503e+02	3.206550e+02
5	6.306783e+02	3.327879e+02
5	6.389883e+02	3.355478e+02
5	6.830629e+02	3.525851e+02
5	7.340793e+02	3.889231e+02
5	7.352424e+02	3.672914e+02
5	7.109674e+02	3.653030e+02
5	7.446294e+02	3.497086e+02
5	7.654429e+02	3.330047e+02
5	7.498345e+02	3.162494e+02
5	7.000490e+02	3.195664e+02
5	6.733217e+02	3.304242e+02
5	6.147949e+02	2.981072e+02
5	5.976830e+02	3.229277e+02
5	5.515012e+02	3.763706e+02
5	5.127786e+02	3.785385e+02
5	5.365524e+02	3.909277e+02
5	5.988298e+02	3.932354e+02
5	6.829604e+02	3.591329e+02
5	7.146550e+02	3.380420e+02
5	7.537133e+02	3.131888e+02
5	7.208485e+02	2.981026e+02
5	7.320699e+02	2.739277e+02
5	7.484802e+02	3.058811e+02
5	7.210629e+02	3.445688e+02
5	6.967576e+02	3.604126e+02
5	7.252704e+02	4.101608e+02
5	7.213193e+02	4.387832e+02
5	7.710956e+02	4.473170e+02
5	7.885664e+02	4.432471e+02
5	8.098252e+02	4.393963e+02
5	7.542028e+02	3.970723e+02
5	7.336876e+02	3.910420e+02
5	6.792984e+02	4.028298e+02
5	6.158485e+02	3.808252e+02
5	5.493916e+02	3.755991e+02
5	5.603776e+02	3.868951e+02
5	5.729557e+02	3.971072e+02
5	6.066224e+02	3.599510e+02
5	6.680979e+02	3.611282e+02
5	6.818298e+02	3.616760e+02
5	7.156783e+02	3.496737e+02
5	7.416900e+02	3.614615e+02
5	7.197459e+02	3.883310e+02
5	7.240210e+02	3.685944e+02
5	7.582331e+02	3.528042e+02
5	7.576317e+02	3.406737e+02
5	7.679277e+02	3.233170e+02
5	7.586434e+02	2.747436e+02
5	7.485641e+02	2.951841e+02
5	7.085315e+02	3.127110e+02
5	7.226503e+02	3.375455e+02
5	7.050536e+02	3.590769e+02
5	6.770466e+02	3.692261e+02
5	6.495618e+02	3.803520e+02
5	6.605991e+02	3.631469e+02
5	6.262284e+02	3.619837e+02
5	6.442121e+02	3.640536e+02
5	6.248974e+02	3.615198e+02
5	6.500023e+02	4.093473e+02
5	6.463007e+02	4.380862e+02
5	6.911748e+02	4.396317e+02
5	6.895967e+02	4.472121e+02
5	6.791002e+02	4.148834e+02
5	6.605967e+02	4.136084e+02
5	6.623660e+02	3.900653e+02
5	6.663077e+02	3.760816e+02
5	6.658252e+02	4.058508e+02
5	6.737389e+02	4.057995e+02
5	6.810256e+02	4.528089e+02
5	6.867809e+02	4.425688e+02
5	7.177669e+02	4.044336e+02
5	6.670490e+02	3.735478e+02
5	6.462727e+02	3.508322e+02
5	6.632261e+02	3.523776e+02
5	6.153077e+02	3.502378e+02
5	6.526084e+02	3.413030e+02
5	6.768625e+02	3.447925e+02
5	6.923683e+02	3.413147e+02
5	6.849674e+02	3.682401e+02
5	7.405897e+02	3.413520e+02
5	7.593030e+02	2.903893e+02
5	7.484266e+02	2.596317e+02
5	7.312238e+02	2.813263e+02
5	7.153380e+02	2.856620e+02
5	6.409464e+02	2.994732e+02
5	6.464592e+02	3.073240e+02
5	6.274312e+02	3.018438e+02
5	6.181445e+02	3.084382e+02
5	6.002821e+02	3.229650e+02
5	6.433869e+02	3.119277e+02
5	6.520023e+02	3.127413e+02
5	6.224219e+02	3.404965e+02
5	6.120047e+02	3.488695e+02
5	5.991538e+02	3.560093e+02
5	6.094406e+02	3.675524e+02
5	6.332797e+02	3.732238e+02
5	6.294569e+02	3.737459e+02
5	6.458858e+02	3.725455e+02
5	6.175058e+02	3.734033e+02
5	6.166807e+02	3.853240e+02
5	5.795221e+02	3.960839e+02
5	5.524406e+02	3.902704e+02
5	5.995361e+02	3.594312e+02
5	6.209767e+02	3.343357e+02
5	6.686550e+02	3.312797e+02
5	6.984779e+02	3.193124e+02
5	7.018834e+02	3.333706e+02
5	6.828159e+02	3.349254e+02
5	6.450746e+02	3.339394e+02
5	6.268322e+02	3.637972e+02
5	6.544802e+02	4.150350e+02
5	6.791865e+02	4.077110e+02
5	7.325431e+02	4.117762e+02
5	7.539930e+02	4.201049e+02
5	7.588462e+02	4.246270e+02
5	7.882005e+02	3.920373e+02
5	7.862517e+02	3.654685e+02
5	7.177762e+02	3.085781e+02
5	7.081865e+02	3.230769e+02
5	7.268462e+02	3.356247e+02
5	7.425921e+02	3.736014e+02
5	7.257506e+02	3.575175e+02
5	7.187832e+02	3.783077e+02
5	6.951096e+02	4.134103e+02
5	6.393427e+02	4.042517e+02
5	6.380186e+02	3.857040e+02
5	6.088462e+02	3.732727e+02
5	5.792797e+02	3.382005e+02
5	5.922821e+02	3.602238e+02
5	5.967879e+02	3.344336e+02
5	6.045221e+02	3.238531e+02
5	6.040909e+02	3.017599e+02
5	5.899114e+02	3.221958e+02
5	5.841935e+02	3.484732e+02
5	5.901841e+02	3.413170e+02
5	6.379883e+02	3.454359e+02
5	6.438298e+02	3.518462e+02
5	6.599534e+02	3.681865e+02
5	6.879044e+02	3.793497e+02
5	6.903520e+02	3.857296e+02
5	7.045221e+02	3.815618e+02
5	6.924732e+02	3.936364e+02
5	6.738298e+02	4.209580e+02
5	6.668228e+02	3.894499e+02
5	7.109837e+02	3.802378e+02
5	7.271096e+02	3.873403e+02
5	6.922494e+02	3.726084e+02
5	7.130793e+02	3.536737e+02
5	7.141562e+02	3.150443e+02
5	6.884289e+02	3.035152e+02
5	6.913869e+02	3.094382e+02
5	6.775548e+02	3.205291e+02
5	6.893893e+02	3.410699e+02
5	6.858531e+02	334
5	6.941119e+02	3.616131e+02
5	6.454988e+02	3.826946e+02
5	6.280886e+02	3.854126e+02
5	6.557086e+02	3.404429e+02
5	6.607203e+02	3.316154e+02
5	6.825152e+02	3.431142e+02
5	7.630023e+02	3.564289e+02
5	8.101608e+02	3.757249e+02
5	8.485524e+02	3.913450e+02
5	7.866900e+02	3.896573e+02
5	7.336853e+02	3.901422e+02
5	7.069371e+02	3.814056e+02
5	6.760932e+02	3.664545e+02
5	6.617646e+02	3.368019e+02
5	6.758019e+02	3.460023e+02
5	6.899604e+02	3.534848e+02
5	7.588415e+02	3.718951e+02
5	7.701492e+02	3.924056e+02
5	7.650583e+02	3.980396e+02
5	7.415618e+02	4.003124e+02
5	7.836177e+02	4.230420e+02
5	8.178019e+02	4.112028e+02
5	8.246154e+02	3.879161e+02
5	8.189487e+02	3.667413e+02
5	8.152471e+02	3.457949e+02
5	7.569394e+02	3.250979e+02
5	7.049371e+02	3.401562e+02
5	6.903590e+02	3.167692e+02
5	6.928508e+02	3.314965e+02
5	7.192028e+02	3.338648e+02
5	7.615385e+02	3.465035e+02
5	7.684103e+02	3.359347e+02
5	8.255338e+02	3.288555e+02
5	7.998718e+02	3.118205e+02
5	8.083566e+02	3.092634e+02
5	7.172821e+02	3.323893e+02
5	6.725478e+02	3.456900e+02
5	7.082378e+02	3.330816e+02
5	7.253240e+02	3.703939e+02
5	7.739557e+02	3.597622e+02
5	7.931305e+02	3.173310e+02
5	8.266317e+02	2.839744e+02
5	9.011935e+02	2.612937e+02
5	8.516550e+02	2.310373e+02
5	8.658345e+02	2.225548e+02
5	8.423427e+02	2.424196e+02
5	8.890256e+02	2.423753e+02
5	8.775315e+02	2.575804e+02
5	8.832378e+02	2.675221e+02
5	9.379557e+02	2.710862e+02
5	9.066550e+02	2.527016e+02
5	8.876923e+02	2.384685e+02
5	8.975478e+02	2.347249e+02
5	8.264009e+02	2.523916e+02
5	9.179394e+02	2.500350e+02
5	9.955175e+02	2.564662e+02
5	1.034103e+03	2.668578e+02
5	9.846364e+02	2.916014e+02
5	9.891002e+02	2.788228e+02
5	9.771259e+02	2.806084e+02
5	9.517925e+02	2.549930e+02
5	9.681795e+02	2.214848e+02
5	1.026667e+03	2.064009e+02
5	1.011431e+03	2.015455e+02
5	1.073704e+03	1.576503e+02
5	1.116585e+03	1.493403e+02
5	1.084228e+03	1.589114e+02
5	1.040730e+03	1.932494e+02
5	1.027105e+03	2.341958e+02
5	9.689277e+02	2.595548e+02
5	1.030217e+03	3.022075e+02
5	1.072403e+03	3.297762e+02
5	1.124573e+03	3.279744e+02
5	1.082410e+03	2.996690e+02
5	1.067193e+03	2.515711e+02
5	1.102098e+03	2.270396e+02
5	1.076949e+03	2.147133e+02
5	1.120179e+03	1.941422e+02
5	1.132695e+03	2.271399e+02
5	1.055625e+03	2.378811e+02
5	1.064126e+03	2.569371e+02
5	1.107508e+03	2.715711e+02
5	1.183443e+03	2.584848e+02
5	1.286152e+03	2.600443e+02
5	1.344928e+03	2.503217e+02
5	1.504200e+03	2.511492e+02
5	1.577380e+03	2.340909e+02
5	1.675287e+03	2.346131e+02
5	1.667613e+03	2.448345e+02
5	1.591322e+03	2.335035e+02
5	1.506640e+03	2.335524e+02
5	1.437718e+03	2.541282e+02
5	1.408706e+03	3.043776e+02
5	1.443755e+03	3.934476e+02
6	1.241259e+01	1.554636e+03
6	5.131189e+02	1.009014e+03
6	8.291818e+02	6.399650e+02
6	9.995583e+02	4.173671e+02
6	1.063205e+03	3.110979e+02
6	1.059079e+03	2.910350e+02
6	1.113152e+03	2.961515e+02
6	1.087026e+03	3.966434e+02
6	1.125093e+03	4.260862e+02
6	1.101228e+03	4.073054e+02
6	1.115958e+03	4.171608e+02
6	1.147436e+03	4.499627e+02
6	1.210009e+03	4.984592e+02
6	1.203828e+03	5.069534e+02
6	1.154788e+03	4.827436e+02
6	1.117126e+03	4.444452e+02
6	1.110730e+03	4.516200e+02
6	1.082991e+03	4.358718e+02
6	1.048709e+03	4.468951e+02
6	1.013911e+03	4.123800e+02
6	1.019441e+03	4.220233e+02
6	1.006469e+03	4.405921e+02
6	9.789394e+02	4.476737e+02
6	1.037669e+03	4.177669e+02
6	1.056657e+03	3.713706e+02
6	1.063091e+03	3.212984e+02
6	1.003152e+03	3.399767e+02
6	1.005862e+03	3.366970e+02
6	9.514545e+02	3.678881e+02
6	9.619044e+02	3.994662e+02
6	9.591585e+02	4.472494e+02
6	9.687133e+02	4.918252e+02
6	1.036564e+03	5.249114e+02
6	1.139396e+03	5.409021e+02
6	1.182191e+03	5.407319e+02
6	1.219464e+03	5.284149e+02
6	1.177783e+03	5.300326e+02
6	1.164277e+03	4.870140e+02
6	1.120392e+03	4.918601e+02
6	1.112305e+03	4.663380e+02
6	1.086848e+03	4.697622e+02
6	1.089986e+03	4.658205e+02
6	1.095336e+03	4.331702e+02
6	1.079427e+03	4.003217e+02
6	1.063695e+03	3.906434e+02
6	1.077802e+03	3.723706e+02
6	1.080450e+03	3.834266e+02
6	1.061469e+03	3.816154e+02
6	1.043562e+03	4.150559e+02
6	1.010671e+03	4.296340e+02
6	1.020200e+03	4.400210e+02
6	1.033033e+03	4.254802e+02
6	1.024354e+03	3.717016e+02
6	9.916434e+02	3.462261e+02
6	1.004944e+03	3.544149e+02
6	1.036191e+03	3.497459e+02
6	1.060758e+03	3.946480e+02
6	1.096100e+03	4.236224e+02
7	2.545315e+02	5.223916e+02
7	3.050070e+02	6.342797e+02
7	3.244755e+02	6.946783e+02
7	3.223193e+02	7.132529e+02
7	3.079207e+02	6.996690e+02
7	2.906620e+02	6.635921e+02
7	3.193124e+02	6.186480e+02
7	3.307576e+02	5.766270e+02
7	3.149814e+02	5.088462e+02
7	3.386224e+02	4.903916e+02
7	3.376154e+02	5.000699e+02
7	3.622867e+02	5.614406e+02
7	3.647063e+02	5.815828e+02
7	3.499464e+02	5.951119e+02
7	3.171655e+02	6.543566e+02
7	3.006830e+02	6.919580e+02
7	3.330862e+02	7.150443e+02
7	3.725315e+02	6.923753e+02
7	3.896993e+02	6.696527e+02
7	4.046200e+02	6.376876e+02
7	4.171142e+02	6.293380e+02
7	3.942284e+02	6.262145e+02
7	3.926177e+02	5.931702e+02
7	3.458811e+02	5.938438e+02
7	2.995967e+02	6.353800e+02
7	2.922611e+02	6.500932e+02
7	3.130163e+02	6.241212e+02
7	3.316550e+02	6.139254e+02
7	3.315361e+02	6.106690e+02
7	3.314219e+02	6.039277e+02
7	2.918275e+02	5.978765e+02
7	2.809674e+02	6.110466e+02
7	3.148485e+02	6.268485e+02
7	3.119441e+02	6.589487e+02
7	3.340420e+02	7.353660e+02
7	3.698345e+02	7.045035e+02
7	3.589301e+02	6.681772e+02
7	3.373939e+02	7.239953e+02
7	2.994406e+02	7.483823e+02
7	3.036364e+02	7.144662e+02
7	3.101352e+02	6.418438e+02
7	3.610163e+02	5.879650e+02
7	4.405594e+02	5.031469e+02
7	5.105431e+02	4.300443e+02
7	5.542471e+02	3.879417e+02
7	5.996154e+02	2.825524e+02
7	6.236364e+02	2.851375e+02
7	6.238368e+02	3.240886e+02
7	5.805828e+02	3.594056e+02
7	6.132681e+02	3.622261e+02
7	6.038625e+02	3.818462e+02
7	6.137016e+02	3.835967e+02
7	6.696177e+02	3.705804e+02
7	6.940490e+02	3.405431e+02
7	6.720886e+02	3.001235e+02
7	6.739347e+02	2.875478e+02
7	6.483846e+02	2.666713e+02
7	6.284848e+02	2.719557e+02
7	5.702471e+02	3.100070e+02
7	5.926853e+02	3.538019e+02
7	5.573473e+02	3.815991e+02
7	5.415921e+02	3.968834e+02
7	5.564289e+02	3.949301e+02
7	5.826737e+02	3.680163e+02
7	6.344219e+02	3.417413e+02
7	6.770746e+02	3.348298e+02
7	6.952657e+02	2.904429e+02
7	6.939277e+02	3.103263e+02
7	6.699021e+02	3.344522e+02
7	6.624569e+02	3.259184e+02
7	5.942121e+02	3.119510e+02
7	5.500653e+02	3.045431e+02
7	5.355828e+02	2.897133e+02
7	5.699953e+02	2.805315e+02
7	6.143660e+02	2.690396e+02
7	6.425874e+02	2.617716e+02
7	6.699977e+02	2.665291e+02
7	6.544359e+02	2.969207e+02
7	6.453427e+02	3.222984e+02
7	6.682284e+02	3.137925e+02
7	6.552681e+02	3.315012e+02
7	6.631119e+02	3.627203e+02
7	6.814592e+02	3.623077e+02
7	6.828135e+02	3.485315e+02
7	6.537716e+02	3.195268e+02
7	6.769767e+02	2.958368e+02
7	6.808881e+02	2.903450e+02
7	6.221072e+02	3.204592e+02
7	6.029907e+02	3.080723e+02
7	6.024266e+02	3.144452e+02
7	5.805455e+02	3.322494e+02
7	5.848741e+02	3.517156e+02
7	5.622238e+02	3.362051e+02
7	5.014406e+02	2.975478e+02
7	4.819977e+02	2.883217e+02
7	5.088438e+02	2.676737e+02
7	5.150793e+02	2.788531e+02
7	5.378182e+02	3.222517e+02
7	5.885268e+02	3.065385e+02
7	5.841049e+02	3.220793e+02
7	5.912960e+02	3.223893e+02
7	6.118298e+02	3.249814e+02
7	5.827552e+02	3.053566e+02
7	5.505408e+02	2.743357e+02
7	5.504242e+02	2.814196e+02
7	5.549161e+02	2.747809e+02
7	5.695291e+02	2.737646e+02
7	5.725897e+02	2.912704e+02
7	5.944592e+02	3.074429e+02
7	5.741632e+02	3.114639e+02
7	5.658508e+02	3.098159e+02
7	6.201002e+02	3.210047e+02
7	6.338508e+02	3.155385e+02
7	6.373193e+02	3.017622e+02
7	6.574895e+02	3.110723e+02
7	6.487622e+02	2.953147e+02
7	6.145478e+02	2.604872e+02
7	5.732797e+02	2.766760e+02
7	5.430839e+02	2.908205e+02
7	5.149814e+02	2.859814e+02
7	5.418159e+02	2.804033e+02
7	5.937949e+02	2.901562e+02
7	5.603450e+02	3.014848e+02
7	6.016387e+02	3.132797e+02
7	6.657273e+02	3.208531e+02
7	6.717040e+02	3.084452e+02
7	6.755641e+02	2.796993e+02
7	6.522890e+02	3.004615e+02
7	5.909371e+02	2.807902e+02
7	5.679650e+02	2.800769e+02
7	6.076876e+02	2.729464e+02
7	5.819510e+02	2.639720e+02
7	5.511725e+02	2.564336e+02
7	5.984172e+02	2.740746e+02
7	6.260303e+02	3.014872e+02
7	5.999254e+02	3.100932e+02
7	6.037366e+02	3.174499e+02
7	5.748998e+02	3.406690e+02
7	5.898951e+02	3.174895e+02
7	5.982890e+02	3.085268e+02
7	6.066340e+02	3.047529e+02
7	5.879604e+02	2.955152e+02
7	6.269510e+02	2.730466e+02
7	6.389161e+02	2.952797e+02
7	6.153333e+02	3.156760e+02
7	5.769068e+02	3.232051e+02
7	5.998438e+02	3.369161e+02
7	6.113147e+02	3.186527e+02
7	6.411702e+02	3.042984e+02
7	6.310513e+02	2.835105e+02
7	5.897529e+02	3.002541e+02
7	5.892331e+02	3.110583e+02
7	5.745594e+02	3.185944e+02
7	5.731981e+02	3.363660e+02
7	5.178695e+02	3.422214e+02
7	5.346643e+02	3.422471e+02
7	5.594149e+02	3.208648e+02
7	5.870256e+02	3.045128e+02
7	6.023730e+02	2.860606e+02
7	6.152541e+02	2.601562e+02
7	6.320583e+02	2.618788e+02
7	6.320886e+02	2.536294e+02
7	6.265897e+02	2.844895e+02
7	6.174848e+02	3.138695e+02
7	6.175361e+02	3.319697e+02
7	6.058974e+02	3.391655e+02
7	5.803240e+02	3.378019e+02
7	5.707809e+02	3.409977e+02
7	5.714429e+02	3.388718e+02
7	5.842517e+02	3.126713e+02
7	6.087529e+02	2.902914e+02
7	5.874452e+02	2.835501e+02
7	5.965175e+02	2.799371e+02
7	6.089907e+02	2.906434e+02
7	6.632960e+02	2.993100e+02
7	6.243800e+02	2.789301e+02
7	6.255012e+02	2.523473e+02
7	6.181305e+02	2.423240e+02
7	6.552005e+02	2.545268e+02
7	6.720000e+02	2.438765e+02
7	6.514382e+02	2.433310e+02
7	6.310979e+02	2.635455e+02
7	6.159277e+02	2.744382e+02
7	5.950629e+02	3.073590e+02
7	6.181142e+02	3.000186e+02
7	6.055921e+02	2.740186e+02
7	6.039767e+02	2.779394e+02
7	5.961702e+02	2.810396e+02
7	6.294732e+02	2.785035e+02
7	6.125734e+02	2.692937e+02
7	5.339977e+02	2.538998e+02
7	5.355361e+02	2.682657e+02
7	5.245478e+02	2.705921e+02
7	5.061935e+02	2.721189e+02
7	5.408462e+02	2.431469e+02
7	5.303100e+02	2.772541e+02
7	5.217879e+02	3.027739e+02
7	5.160513e+02	3.288438e+02
7	5.535734e+02	3.215711e+02
7	5.527343e+02	3.406923e+02
7	5.274196e+02	3.349301e+02
7	5.580163e+02	3.511795e+02
7	6.013333e+02	3.064009e+02
7	6.061259e+02	3.033636e+02
7	6.016200e+02	2.899953e+02
7	6.060000e+02	3.097086e+02
7	5.913077e+02	2.863939e+02
7	6.032424e+02	2.717739e+02
7	6.366643e+02	2.532797e+02
7	5.985221e+02	2.779580e+02
7	6.072797e+02	2.808881e+02
7	6.198858e+02	2.874592e+02
7	6.311841e+02	2.641655e+02
7	6.200886e+02	2.833497e+02
7	6.181305e+02	2.963193e+02
7	5.829068e+02	3.047925e+02
7	5.614592e+02	2.994359e+02
7	5.539580e+02	2.843706e+02
7	5.663170e+02	3.042145e+02
7	5.197646e+02	3.105641e+02
7	5.500233e+02	3.129907e+02
7	5.995618e+02	3.149907e+02
7	6.028159e+02	2.975664e+02
7	6.003193e+02	3.014639e+02
7	6.247622e+02	3.217296e+02
7	5.953636e+02	3.186387e+02
7	6.161002e+02	3.102681e+02
7	5.533007e+02	3.009138e+02
7	5.308928e+02	3.100396e+02
7	5.324149e+02	3.248508e+02
7	5.620886e+02	3.486783e+02
7	5.529720e+02	3.306364e+02
7	5.570956e+02	3.247249e+02
7	5.856014e+02	3.326970e+02
7	6.592098e+02	3.446364e+02
7	7.069138e+02	3.160909e+02
7	7.365408e+02	3.064499e+02
7	7.009627e+02	2.923170e+02
7	6.963869e+02	2.975664e+02
8	3.621608e+02	7.843357e+02
8	3.070280e+02	8.752587e+02
8	2.749347e+02	9.200816e+02
8	2.607902e+02	9.283438e+02
8	2.595035e+02	9.095851e+02
8	2.659837e+02	8.733450e+02
8	2.485478e+02	8.263543e+02
8	2.749068e+02	8.021422e+02
8	2.813939e+02	7.796620e+02
8	2.929044e+02	7.799441e+02
8	2.918065e+02	7.759744e+02
8	2.980629e+02	7.809441e+02
8	3.190862e+02	8.087506e+02
8	3.588485e+02	8.421818e+02
8	3.164359e+02	8.358159e+02
8	3.138555e+02	8.400490e+02
8	2.998741e+02	8.445758e+02
8	3.042005e+02	8.399907e+02
8	2.812261e+02	8.542331e+02
8	2.592587e+02	8.525874e+02
8	2.515944e+02	8.322261e+02
8	2.544149e+02	8.454848e+02
8	2.920256e+02	8.654103e+02
8	2.951096e+02	9.127762e+02
8	2.543333e+02	9.167133e+02
8	2.774056e+02	9.032331e+02
8	2.974779e+02	8.782471e+02
8	2.880956e+02	8.876550e+02
8	3.075967e+02	9.038182e+02
8	3.099231e+02	9.364406e+02
8	2.980466e+02	9.319650e+02
8	3.062098e+02	9.190140e+02
8	3.112284e+02	8.916946e+02
8	2.718858e+02	8.494802e+02
8	2.709184e+02	8.112471e+02
8	2.849814e+02	7.588881e+02
8	2.615618e+02	7.341329e+02
8	2.606503e+02	7.792401e+02
8	2.743613e+02	8.358671e+02
8	2.780653e+02	8.342378e+02
8	2.748765e+02	8.224149e+02
8	2.745315e+02	8.214615e+02
8	2.670420e+02	8.206503e+02
8	2.794709e+02	7.661235e+02
8	3.174755e+02	7.543939e+02
8	3.072145e+02	7.062378e+02
8	3.168765e+02	6.721352e+02
8	3.087133e+02	6.770490e+02
8	3.107273e+02	7.036853e+02
8	3.193124e+02	7.202378e+02
8	3.184848e+02	7.735874e+02
8	2.816573e+02	8.174825e+02
8	2.717599e+02	8.185385e+02
8	2.735315e+02	8.231096e+02
8	2.642214e+02	8.294312e+02
8	2.205408e+02	8.287716e+02
8	2.242145e+02	8.195967e+02
8	2.029347e+02	8.557086e+02
8	2.305524e+02	8.545828e+02
8	2.678345e+02	9.181166e+02
8	2.847925e+02	9.079044e+02
8	3.016177e+02	8.522587e+02
8	3.216923e+02	8.126177e+02
8	3.268275e+02	8.135874e+02
8	3.169301e+02	8.213636e+02
8	2.664406e+02	8.444988e+02
8	2.310023e+02	8.623776e+02
8	2.008671e+02	8.845991e+02
8	1.917669e+02	8.282890e+02
8	2.057809e+02	8.673660e+02
8	2.196760e+02	8.726970e+02
8	2.367389e+02	8.476667e+02
8	2.573660e+02	8.369371e+02
8	2.450886e+02	8.384103e+02
8	2.413193e+02	9.111888e+02
8	2.806014e+02	9.211702e+02
8	3.387809e+02	9.049604e+02
8	4.067483e+02	8.228904e+02
8	5.098182e+02	7.017552e+02
8	6.489744e+02	6.160233e+02
8	7.618345e+02	4.992797e+02
8	7.851608e+02	3.979534e+02
8	8.400350e+02	2.996830e+02
8	8.251538e+02	2.927646e+02
8	8.562308e+02	3.729534e+02
8	8.527762e+02	3.817366e+02
8	8.455944e+02	4.229254e+02
8	8.334522e+02	4.366294e+02
8	8.702284e+02	4.511375e+02
8	8.658648e+02	4.455897e+02
8	8.149953e+02	4.166923e+02
8	7.497296e+02	4.159744e+02
8	7.426387e+02	3.810862e+02
8	7.516317e+02	3.699394e+02
8	8.001538e+02	3.773916e+02
8	7.578065e+02	3.895897e+02
8	7.782378e+02	4.109347e+02
8	7.941702e+02	3.893963e+02
8	8.394755e+02	3.966387e+02
8	8.382937e+02	4.220559e+02
8	8.397855e+02	4.130350e+02
8	8.211072e+02	4.049114e+02
8	8.063590e+02	3.644033e+02
8	8.140303e+02	3.802331e+02
8	8.014033e+02	3.856993e+02
8	7.067576e+02	3.855198e+02
8	6.864592e+02	4.000676e+02
8	7.200699e+02	3.718392e+02
8	7.699138e+02	4.086713e+02
8	7.818252e+02	4.552354e+02
8	8.080513e+02	4.668368e+02
8	8.183217e+02	4.785478e+02
8	8.074172e+02	4.474848e+02
8	7.991492e+02	4.730490e+02
8	8.007925e+02	4.439557e+02
8	7.452308e+02	4.156387e+02
8	7.481305e+02	4.367156e+02
8	7.714033e+02	3.938625e+02
8	7.793566e+02	4.425221e+02
8	7.646387e+02	4.806480e+02
8	7.907179e+02	5.331935e+02
8	7.492191e+02	5.339604e+02
8	7.098788e+02	5.022681e+02
8	7.039744e+02	4.976107e+02
8	7.080443e+02	4.727669e+02
8	7.431399e+02	4.585874e+02
8	7.945548e+02	4.211305e+02
8	7.599907e+02	3.600629e+02
8	7.728345e+02	3.609907e+02
8	7.896876e+02	3.643730e+02
8	7.961702e+02	3.669138e+02
8	7.349767e+02	3.529301e+02
8	7.335641e+02	3.493753e+02
8	7.192238e+02	3.690350e+02
8	7.712960e+02	4.110653e+02
8	8.305338e+02	4.162331e+02
8	7.877459e+02	4.188974e+02
8	7.121352e+02	4.480769e+02
8	6.687832e+02	4.560303e+02
8	6.319161e+02	4.558648e+02
8	6.329301e+02	4.209697e+02
8	6.402075e+02	4.045058e+02
8	7.118065e+02	4.093846e+02
8	7.569674e+02	4.289697e+02
8	8.302214e+02	4.196923e+02
8	8.610023e+02	4.105897e+02
8	8.375012e+02	4.503403e+02
8	8.170583e+02	4.855641e+02
8	7.496014e+02	4.638298e+02
8	7.011981e+02	4.320886e+02
8	7.328858e+02	4.081142e+02
8	7.418065e+02	4.033963e+02
8	7.601282e+02	4.228741e+02
8	8.078531e+02	4.358508e+02
8	8.386783e+02	4.032844e+02
8	8.888904e+02	4.320093e+02
8	8.851608e+02	4.545408e+02
8	8.476667e+02	4.703869e+02
8	8.401562e+02	4.410256e+02
8	8.068275e+02	4.443403e+02
8	7.800932e+02	4.214429e+02
8	7.590396e+02	4.057110e+02
8	741	3.920932e+02
8	7.668089e+02	4.048228e+02
8	7.434219e+02	4.167832e+02
8	7.235874e+02	4.399394e+02
8	6.677226e+02	4.492238e+02
8	6.484965e+02	4.687716e+02
8	6.681469e+02	4.579487e+02
8	6.828065e+02	4.580396e+02
8	7.100420e+02	4.355921e+02
8	7.299604e+02	4.428415e+02
8	7.736014e+02	4.442727e+02
8	8.224266e+02	4.646713e+02
8	7.926713e+02	4.717855e+02
8	7.631259e+02	4.436830e+02
8	7.070117e+02	4.273427e+02
8	6.878135e+02	4.235524e+02
8	7.004336e+02	4.251002e+02
8	7.205291e+02	4.128881e+02
8	7.189044e+02	4.001538e+02
8	6.911445e+02	4.132984e+02
8	7.344429e+02	4.208345e+02
8	7.615035e+02	4.321818e+02
8	7.212517e+02	4.335431e+02
8	7.544266e+02	4.293846e+02
8	7.411235e+02	4.261399e+02
8	7.682797e+02	4.536760e+02
8	7.699068e+02	4.939604e+02
8	7.439907e+02	4.971445e+02
8	7.242331e+02	4.742191e+02
8	7.024009e+02	4.727366e+02
8	7.184895e+02	4.514918e+02
9	6.631259e+02	2.938322e+02
9	6.123147e+02	3.339720e+02
9	5.735035e+02	3.457739e+02
9	5.459324e+02	3.367587e+02
9	5.288415e+02	3.144476e+02
9	5.214709e+02	2.863613e+02
9	5.108252e+02	2.870723e+02
9	5.499720e+02	2.725758e+02
9	5.732867e+02	2.435105e+02
9	5.677855e+02	2.502284e+02
9	5.420163e+02	2.341888e+02
9	5.160746e+02	2.475221e+02
9	4.887902e+02	2.533893e+02
9	4.939068e+02	2.689091e+02
9	5.117179e+02	2.829674e+02
9	4.808252e+02	2.965921e+02
9	5.044406e+02	3.180862e+02
9	5.234009e+02	3.051445e+02
9	5.439394e+02	3.011515e+02
9	6.134732e+02	3.008601e+02
9	6.508112e+02	2.968858e+02
9	6.491702e+02	3.173660e+02
9	6.075641e+02	3.300816e+02
9	5.802797e+02	3.295478e+02
9	5.393147e+02	3.310583e+02
9	4.977972e+02	3.142238e+02
9	4.838275e+02	2.823054e+02
9	4.386970e+02	2.714755e+02
9	4.844429e+02	2.615082e+02
9	5.479441e+02	2.658345e+02
9	5.558112e+02	2.949207e+02
9	5.677436e+02	2.898415e+02
9	5.574149e+02	3.061282e+02
9	5.218788e+02	2.953217e+02
9	5.197646e+02	3.116923e+02
9	5.415455e+02	3.219767e+02
9	5.225245e+02	3.334056e+02
9	5.102214e+02	3.553007e+02
9	5.250210e+02	3.592821e+02
9	5.260326e+02	3.373240e+02
9	4.973986e+02	3.196131e+02
9	5.025594e+02	2.555315e+02
9	5.136970e+02	2.428718e+02
9	4.883310e+02	2.035828e+02
9	5.195012e+02	1.984942e+02
9	5.455082e+02	2.148555e+02
9	5.332168e+02	2.126573e+02
9	5.514942e+02	2.041655e+02
9	5.512821e+02	2.142681e+02
9	5.714709e+02	1.931119e+02
9	5.550559e+02	2.023193e+02
9	5.577622e+02	2.310723e+02
9	5.900909e+02	2.484709e+02
9	5.817226e+02	2.707389e+02
9	5.867040e+02	3.148718e+02
9	5.554779e+02	3.603240e+02
9	5.168368e+02	3.775198e+02
9	4.978228e+02	3.614965e+02
9	4.958555e+02	3.271911e+02
9	4.922867e+02	2.727459e+02
9	4.857949e+02	2.167483e+02
9	4.901189e+02	1.710676e+02
9	5.575548e+02	1.278135e+02
9	5.902727e+02	1.168951e+02
9	5.935641e+02	1.138415e+02
9	6.009697e+02	1.250210e+02
9	6.298042e+02	1.468019e+02
9	6.666270e+02	1.364872e+02
9	6.754685e+02	1.235245e+02
9	7.172960e+02	1.230862e+02
9	7.016760e+02	1.016760e+02
9	6.763473e+02	9.557110e+01
9	6.491748e+02	1.151772e+02
9	5.805152e+02	9.417016e+01
9	5.425268e+02	9.362704e+01
9	5.251515e+02	1.021888e+02
9	5.394685e+02	1.118089e+02
9	5.777879e+02	1.196387e+02
9	6.209114e+02	1.314499e+02
9	6.804033e+02	1.178811e+02
9	6.945944e+02	9.853380e+01
9	6.800793e+02	9.315851e+01
9	6.515828e+02	1.185431e+02
9	6.310070e+02	1.138298e+02
9	6.152121e+02	1.271632e+02
9	5.746294e+02	1.360699e+02
9	5.587552e+02	1.456713e+02
9	5.447273e+02	1.527692e+02
9	5.897739e+02	1.508625e+02
9	5.992587e+02	1.279184e+02
9	6.668019e+02	8.655944e+01
9	6.613403e+02	8.845921e+01
9	6.858438e+02	9.909790e+01
9	6.725268e+02	1.291119e+02
9	6.345688e+02	1.471795e+02
9	6.388601e+02	1.658741e+02
9	6.374755e+02	1.729044e+02
9	6.231702e+02	1.722564e+02
9	6.345478e+02	1.701865e+02
9	6.324569e+02	1.515105e+02
9	6.517925e+02	1.175734e+02
9	6.041958e+02	9.038228e+01
9	6.282145e+02	6.460606e+01
9	6.100186e+02	9.717716e+01
9	6.019021e+02	1.017855e+02
9	6.617366e+02	1.089953e+02
9	6.918531e+02	1.180140e+02
9	6.646037e+02	1.169138e+02
9	6.801375e+02	1.179417e+02
9	6.896900e+02	1.165082e+02
9	6.224615e+02	1.209021e+02
9	5.567995e+02	1.089021e+02
9	6.061096e+02	1.095548e+02
9	5.928508e+02	1.052308e+02
9	6.441142e+02	1.112191e+02
9	6.737413e+02	1.045478e+02
9	7.128601e+02	1.184126e+02
9	7.011445e+02	1.122168e+02
9	7.542238e+02	1.149674e+02
9	7.476247e+02	1.149487e+02
9	7.003823e+02	1.138951e+02
9	6.422821e+02	1.062657e+02
9	6.528345e+02	9.305594e+01
9	6.498205e+02	7.651515e+01
9	6.717925e+02	8.246154e+01
9	6.361212e+02	9.436364e+01
9	6.043800e+02	1.192751e+02
9	5.966993e+02	1.346760e+02
9	6.136760e+02	1.430420e+02
9	5.798415e+02	1.488042e+02
9	5.717413e+02	1.394825e+02
9	5.562284e+02	1.364009e+02
9	5.815594e+02	1.229301e+02
9	6.049347e+02	1.193473e+02
9	5.890303e+02	1.087646e+02
9	5.807646e+02	1.324615e+02
9	6.210629e+02	1.277179e+02
9	6.790583e+02	1.315152e+02
9	6.823403e+02	1.216084e+02
9	6.903939e+02	1.206247e+02
9	6.799720e+02	1.137110e+02
9	6.707692e+02	9.870163e+01
9	6.714149e+02	8.357343e+01
9	6.379487e+02	8.397436e+01
9	5.781515e+02	6.658042e+01
9	5.470140e+02	9.622611e+01
9	6.011515e+02	1.008462e+02
9	6.195991e+02	1.056270e+02
9	6.228928e+02	1.086643e+02
9	6.251445e+02	1.047622e+02
9	6.209371e+02	1.074848e+02
9	6.529580e+02	9.582751e+01
9	6.800373e+02	9.896970e+01
9	6.515175e+02	1.237832e+02
9	6.274988e+02	1.334569e+02
9	6.096993e+02	1.549627e+02
9	6.087459e+02	1.672564e+02
9	5.985548e+02	1.661282e+02
9	5.834382e+02	1.468904e+02
9	5.782354e+02	1.062028e+02
9	6.086154e+02	8.452214e+01
9	6.493124e+02	8.391375e+01
9	6.749324e+02	8.809091e+01
9	6.752471e+02	8.457343e+01
9	6.758904e+02	9.601166e+01
9	6.759394e+02	1.106364e+02
9	6.231748e+02	1.234895e+02
9	6.038788e+02	1.132051e+02
9	6.129441e+02	1.087343e+02
9	5.962261e+02	1.036713e+02
9	5.918485e+02	1.187716e+02
9	5.966550e+02	1.321865e+02
9	6.251212e+02	1.142238e+02
9	6.612051e+02	8.010723e+01
9	6.397506e+02	9.921678e+01
9	6.586037e+02	9.369231e+01
9	6.224476e+02	9.506993e+01
9	5.978951e+02	7.986480e+01
9	6.010047e+02	9.678089e+01
9	5.907576e+02	1.046923e+02
9	5.950629e+02	1.035128e+02
9	5.739068e+02	1.097040e+02
9	5.482051e+02	1.351072e+02
9	5.885594e+02	1.370653e+02
9	5.609347e+02	1.574545e+02
9	6.172541e+02	1.610536e+02
9	6.352378e+02	1.553450e+02
9	6.534359e+02	1.582564e+02
9	6.997366e+02	1.489231e+02
9	7.362238e+02	1.164802e+02
9	7.355804e+02	1.169604e+02
9	7.109394e+02	1.399860e+02
9	6.380979e+02	1.540606e+02
9	6.460047e+02	1.647925e+02
9	6.090303e+02	1.827343e+02
9	6.127995e+02	1.708438e+02
9	5.738112e+02	1.539627e+02
9	5.964359e+02	1.494033e+02
9	6.121608e+02	1.016690e+02
9	6.093776e+02	8.840326e+01
9	6.069138e+02	1.039044e+02
9	6.295408e+02	1.162331e+02
9	6.234685e+02	1.498275e+02
9	6.494079e+02	2.004126e+02
9	6.364336e+02	2.164219e+02
9	6.112331e+02	2.054056e+02
9	5.504499e+02	1.917319e+02
9	5.597739e+02	1.653054e+02
9	5.544895e+02	1.283520e+02
9	5.487855e+02	1.067319e+02
9	5.808392e+02	8.510490e+01
9	6.146946e+02	8.748019e+01
9	6.399207e+02	1.160420e+02
9	6.909324e+02	1.250490e+02
9	7.175478e+02	1.241399e+02
9	7.220629e+02	1.257902e+02
9	6.914848e+02	1.281888e+02
9	7.044685e+02	1.331702e+02
9	6.588019e+02	1.156480e+02
9	6.328858e+02	1.092051e+02
9	6.279790e+02	1.010676e+02
9	6.418462e+02	1.074103e+02
9	6.588322e+02	1.237692e+02
9	6.834918e+02	1.267086e+02
9	7.071795e+02	1.303916e+02
9	7.112541e+02	1.216900e+02
9	7.250000e+02	1.052564e+02
9	7.408392e+02	9.788578e+01
9	7.011189e+02	8.459441e+01
9	7.000233e+02	8.379487e+01
9	7.264289e+02	7.995571e+01
9	7.186923e+02	9.123077e+01
9	6.559674e+02	1.123287e+02
9	6.470093e+02	1.137273e+02
9	6.491189e+02	1.158462e+02
9	6.241515e+02	1.185058e+02
9	6.390862e+02	1.350653e+02
9	6.318904e+02	1.588252e+02
9	6.356387e+02	1.354336e+02
9	6.341096e+02	1.381608e+02
9	6.370093e+02	1.478275e+02
9	5.956084e+02	1.632121e+02
9	5.611725e+02	1.888974e+02
9	6.037366e+02	1.775921e+02
9	6.070956e+02	1.776620e+02
9	6.230816e+02	1.852448e+02
9	6.441538e+02	1.788718e+02
9	6.447319e+02	1.733869e+02
9	6.966876e+02	1.357855e+02
9	7.399767e+02	1.357739e+02
9	7.472075e+02	1.178998e+02
9	7.746270e+02	1.382494e+02
9	7.520070e+02	1.522960e+02
9	7.290536e+02	1.410303e+02
9	7.242681e+02	1.425664e+02
9	7.168322e+02	1.329837e+02
9	6.781585e+02	1.300466e+02
9	6.450723e+02	1.304009e+02
9	6.921212e+02	1.088881e+02
9	6.909464e+02	1.159347e+02
9	6.405828e+02	1.206061e+02
9	6.310816e+02	1.335408e+02
9	5.685804e+02	1.636643e+02
9	5.647366e+02	1.713846e+02
9	5.922448e+02	1.701888e+02
9	6.409277e+02	1.734895e+02
9	6.753846e+02	1.709044e+02
9	6.848904e+02	1.544103e+02
9	7.286131e+02	1.346061e+02
9	7.310746e+02	1.267483e+02
9	6.931096e+02	1.070373e+02
9	6.428718e+02	8.359674e+01
9	5.797692e+02	9.571562e+01
9	5.466037e+02	1.043497e+02
9	5.347762e+02	1.156667e+02
9	5.977040e+02	1.440280e+02
9	6.100326e+02	1.525571e+02
9	5.994196e+02	1.681119e+02
9	6.308298e+02	1.722354e+02
9	6.808648e+02	1.582471e+02
9	6.840839e+02	1.428601e+02
9	6.884732e+02	1.231608e+02
9	6.653566e+02	1.011515e+02
9	6.686550e+02	1.060932e+02
9	6.858298e+02	1.061725e+02
9	6.727949e+02	1.109371e+02
9	6.332005e+02	9.532401e+01
9	6.050676e+02	1.145128e+02
9	5.732378e+02	1.276643e+02
9	5.662727e+02	1.240862e+02
9	5.182424e+02	1.209441e+02
9	5.089650e+02	9.695804e+01
9	4.906434e+02	9.028671e+01
9	5.457576e+02	1.121166e+02
9	5.714242e+02	1.315245e+02
9	6.064149e+02	1.508718e+02
9	6.642075e+02	1.341725e+02
9	6.914033e+02	1.456014e+02
9	7.296597e+02	1.510676e+02
9	7.710909e+02	1.484476e+02
9	7.674895e+02	1.249277e+02
9	7.712238e+02	1.201096e+02
9	7.282214e+02	1.311259e+02
9	6.935245e+02	1.390140e+02
9	6.537995e+02	1.580886e+02
9	6.333007e+02	1.757226e+02
9	5.836480e+02	1.417925e+02
9	5.695035e+02	1.544196e+02
9	5.951445e+02	1.636014e+02
9	6.232984e+02	1.581515e+02
9	6.164289e+02	1.293193e+02
9	6.465571e+02	1.341119e+02
9	6.529021e+02	1.157506e+02
9	6.564289e+02	9.043124e+01
9	6.468904e+02	1.005128e+02
9	5.993660e+02	9.821212e+01
9	5.978135e+02	8.992541e+01
9	6.307436e+02	1.017133e+02
9	6.166853e+02	1.159650e+02
9	5.752937e+02	1.184918e+02
9	5.544965e+02	1.110559e+02
9	5.526550e+02	9.958974e+01
9	5.385385e+02	9.697669e+01
9	5.253054e+02	9.682051e+01
9	5.198252e+02	1.023333e+02
9	4.935991e+02	1.040443e+02
9	5.703916e+02	1.261119e+02
9	6.551212e+02	1.363124e+02
9	7.003590e+02	1.467552e+02
9	6.826923e+02	1.554382e+02
9	7.311608e+02	1.481795e+02
9	7.066340e+02	1.353357e+02
9	6.676154e+02	1.312727e+02
9	6.468741e+02	1.289161e+02
9	5.939441e+02	1.224709e+02
9	5.520093e+02	1.213380e+02
9	6.084848e+02	1.475408e+02
9	6.283869e+02	1.502005e+02
9	6.105175e+02	1.287156e+02
9	6.229953e+02	1.515664e+02
9	6.758811e+02	1.594476e+02
9	6.867739e+02	1.615105e+02
9	6.717133e+02	1.544452e+02
9	6.695851e+02	1.418811e+02
9	6.384429e+02	1.311538e+02
9	6.661329e+02	1.030163e+02
9	6.855012e+02	1.040699e+02
9	6.325991e+02	1.030793e+02
9	6.029277e+02	1.104056e+02
9	6.387086e+02	1.416597e+02
9	6.319138e+02	1.523613e+02
9	6.452657e+02	1.900909e+02
9	6.343590e+02	2.002494e+02
9	6.098555e+02	1.899930e+02
9	5.991142e+02	1.803403e+02
9	5.917016e+02	1.425711e+02
9	5.603147e+02	1.424126e+02
9	5.453473e+02	1.422541e+02
9	5.962564e+02	1.274988e+02
9	6.060513e+02	1.099510e+02
9	6.192914e+02	1.083520e+02
9	6.504848e+02	1.352098e+02
9	6.426224e+02	1.249557e+02
9	6.110816e+02	1.313054e+02
9	5.760023e+02	1.239394e+02
9	5.756480e+02	1.139720e+02
9	5.507459e+02	1.239487e+02
9	5.791515e+02	1.123473e+02
9	6.519161e+02	9.955711e+01
9	6.528578e+02	1.115152e+02
9	6.872657e+02	1.211725e+02
9	7.042051e+02	1.145524e+02
9	7.267016e+02	1.299883e+02
9	7.061072e+02	1.466340e+02
9	6.783566e+02	1.383823e+02
9	6.991841e+02	1.219044e+02
9	6.553124e+02	1.033846e+02
9	6.333566e+02	7.659207e+01
9	6.470862e+02	7.820047e+01
9	5.790070e+02	9.241958e+01
9	5.681702e+02	7.302331e+01
9	5.539580e+02	7.746620e+01
9	5.664033e+02	1.147249e+02
9	5.589837e+02	1.246247e+02
9	5.586993e+02	1.298042e+02
9	5.777739e+02	1.396923e+02
9	5.809254e+02	1.546713e+02
9	6.224779e+02	1.498974e+02
9	6.744522e+02	1.634499e+02
9	6.655408e+02	1.766550e+02
9	6.851772e+02	1.817483e+02
9	6.425455e+02	2.237343e+02
9	6.229161e+02	2.498858e+02
9	5.724942e+02	2.629417e+02
9	5.316830e+02	2.938811e+02
9	4.952331e+02	3.125291e+02
9	4.710023e+02	3.121795e+02
9	4.694569e+02	2.962261e+02
9	4.641049e+02	2.835571e+02
9	4.559347e+02	2.951399e+02
9	4.615594e+02	3.119254e+02
9	4.699860e+02	3.180862e+02
9	4.816387e+02	3.083963e+02
9	4.834848e+02	2.947226e+02
9	4.642541e+02	2.896270e+02
9	5.054965e+02	2.838112e+02
9	5.317110e+02	2.874009e+02
9	5.584662e+02	2.636853e+02
9	5.599231e+02	2.827576e+02
9	5.882611e+02	3.139231e+02
9	6.041166e+02	3.191841e+02
9	6.106364e+02	3.009347e+02
9	5.774009e+02	2.871235e+02
9	5.537739e+02	2.693660e+02
9	5.462587e+02	2.751352e+02
9	5.959907e+02	2.948788e+02
9	6.246014e+02	3.171515e+02
9	6.381096e+02	3.122914e+02
9	6.292098e+02	3.465082e+02
9	6.204452e+02	3.540000e+02
9	5.934359e+02	3.244732e+02
9	5.585035e+02	3.081585e+02
9	5.038601e+02	3.002541e+02
9	4.901981e+02	2.916270e+02
9	5.036131e+02	2.886876e+02
9	4.739720e+02	2.933357e+02
9	4.715967e+02	3.075734e+02
9	4.787226e+02	3.107133e+02
9	5.031119e+02	3.155478e+02
9	5.302704e+02	3.103287e+02
9	5.677063e+02	2.753566e+02
9	6.031888e+02	2.885105e+02
9	6.008765e+02	2.870816e+02
9	5.978928e+02	2.761142e+02
9	5.883124e+02	2.635851e+02
9	5.452984e+02	2.547809e+02
9	4.873497e+02	2.520816e+02
9	5.122657e+02	2.605012e+02
9	5.342704e+02	2.793240e+02
9	5.396550e+02	2.865315e+02
9	5.681935e+02	2.799650e+02
9	6.551702e+02	3.425408e+02
9	6.304382e+02	3.514126e+02
9	6.230280e+02	3.630769e+02
9	6.223007e+02	3.456853e+02
9	5.811329e+02	3.300326e+02
9	5.677692e+02	3.160559e+02
9	5.807506e+02	3.167506e+02
9	584	3.034103e+02
9	5.801096e+02	2.992075e+02
9	6.147296e+02	2.962471e+02
9	6.541469e+02	3.167483e+02
9	6.014709e+02	2.883753e+02
9	5.743287e+02	2.924219e+02
9	5.372378e+02	2.882821e+02
9	5.375548e+02	3.043543e+02
9	4.936946e+02	2.919301e+02
9	4.575991e+02	2.810443e+02
9	4.671562e+02	2.898322e+02
9	4.931632e+02	3.210047e+02
9	5.422774e+02	3.148555e+02
9	5.491166e+02	3.108275e+02
9	5.513427e+02	3.058368e+02
9	5.468695e+02	3.252028e+02
9	5.600723e+02	3.188741e+02
9	5.907319e+02	3.281445e+02
9	5.661818e+02	3.016480e+02
9	5.843030e+02	2.888508e+02
9	5.881119e+02	2.935618e+02
9	6.064242e+02	3.076317e+02
9	5.933683e+02	2.794569e+02
9	5.430233e+02	2.670000e+02
9	5.370326e+02	2.523473e+02
9	5.298765e+02	2.319068e+02
9	5.089674e+02	2.224639e+02
9	5.189860e+02	2.252005e+02
9	5.564988e+02	2.261469e+02
9	5.828928e+02	2.669324e+02
9	6.117855e+02	3.038415e+02
9	6.472914e+02	3.410373e+02
9	6.110559e+02	3.419417e+02
9	6.316200e+02	3.360583e+02
9	6.533753e+02	2.955618e+02
9	6.467646e+02	2.578601e+02
9	6.066713e+02	2.716690e+02
9	5.772238e+02	2.785082e+02
9	5.568112e+02	2.931772e+02
9	5.327716e+02	3.120653e+02
9	5.135361e+02	3.416667e+02
9	4.818951e+02	3.520303e+02
9	4.271445e+02	3.667576e+02
9	4.369394e+02	3.253800e+02
9	4.584196e+02	2.848904e+02
9	5.116783e+02	2.532681e+02
9	5.416527e+02	2.507483e+02
9	5.960117e+02	2.321562e+02
9	6.420886e+02	2.250583e+02
9	6.696410e+02	2.359347e+02
9	6.684266e+02	2.712657e+02
9	6.282028e+02	3.375315e+02
10	6.506713e+02	4.919510e+02
10	5.655944e+02	4.789720e+02
10	5.163193e+02	4.663030e+02
10	4.949872e+02	4.557751e+02
10	4.937389e+02	4.492191e+02
10	5.047156e+02	4.484662e+02
10	5.091678e+02	4.620629e+02
10	5.108625e+02	4.893193e+02
10	5.149441e+02	5.214452e+02
10	5.141585e+02	4.963776e+02
10	5.327972e+02	5.623800e+02
10	4.988462e+02	6.073986e+02
10	4.983893e+02	6.057809e+02
10	4.993893e+02	5.642331e+02
10	4.954336e+02	5.590117e+02
10	5.031841e+02	5.315548e+02
10	4.730793e+02	4.877669e+02
10	4.543963e+02	4.808858e+02
10	4.749510e+02	4.460886e+02
10	5.071585e+02	4.128485e+02
10	5.164872e+02	4.559301e+02
10	5.136900e+02	4.912564e+02
10	5.345291e+02	5.046294e+02
10	5.672331e+02	4.994709e+02
10	5.718392e+02	5.046387e+02
10	5.610723e+02	4.749441e+02
10	5.257483e+02	4.258485e+02
10	5.234639e+02	4.192214e+02
10	5.435152e+02	4.051492e+02
10	5.292751e+02	3.791189e+02
10	5.238904e+02	3.946434e+02
10	5.244033e+02	3.848159e+02
10	5.324942e+02	4.159044e+02
10	5.801958e+02	4.223753e+02
10	5.873147e+02	4.211795e+02
10	6.153077e+02	4.124242e+02
10	6.570909e+02	4.065198e+02
10	7.005571e+02	4.135152e+02
10	7.335291e+02	4.030280e+02
10	7.037599e+02	3.844779e+02
10	6.743357e+02	3.612308e+02
10	6.141795e+02	3.375198e+02
10	6.144592e+02	3.732401e+02
10	6.019114e+02	3.790117e+02
10	6.096387e+02	4.114103e+02
10	6.161282e+02	4.319674e+02
10	6.513590e+02	4.490839e+02
10	6.877622e+02	4.462797e+02
10	6.917319e+02	4.191725e+02
10	6.290140e+02	4.033403e+02
10	6.446247e+02	3.717249e+02
10	6.591445e+02	3.413939e+02
10	6.896807e+02	3.545082e+02
10	6.856807e+02	3.370816e+02
10	6.840163e+02	3.556643e+02
10	6.613077e+02	3.459138e+02
10	6.631818e+02	3.528648e+02
10	6.302867e+02	3.487156e+02
10	5.814988e+02	3.567716e+02
10	5.823007e+02	4.026597e+02
10	6.224545e+02	4.065571e+02
10	6.264289e+02	3.980047e+02
10	6.057809e+02	4.181725e+02
10	6.111981e+02	4.138765e+02
10	6.168462e+02	4.166550e+02
10	6.111911e+02	3.956550e+02
10	5.716667e+02	3.875664e+02
10	5.550490e+02	3.653100e+02
11	3.794196e+02	1.058832e+03
11	2.537762e+02	1.000650e+03
11	1.964662e+02	9.638811e+02
11	1.899161e+02	9.458147e+02
11	2.165524e+02	9.437413e+02
11	2.588019e+02	9.549510e+02
11	2.838718e+02	9.959674e+02
11	2.938718e+02	9.955035e+02
11	2.414615e+02	1.001089e+03
11	1.830583e+02	1.047613e+03
11	1.735221e+02	1.079473e+03
11	1.768182e+02	1.081058e+03
11	2.022774e+02	1.062110e+03
11	2.465921e+02	1.016520e+03
11	2.800396e+02	1.018862e+03
11	2.388508e+02	1.035762e+03
11	2.348718e+02	1.040555e+03
11	2.332308e+02	9.986154e+02
11	2.111748e+02	1.005935e+03
11	2.080956e+02	1.008443e+03
11	2.161538e+02	1.073333e+03
11	1.787389e+02	1.051676e+03
11	1.904872e+02	1.041520e+03
11	1.814918e+02	1.007117e+03
11	1.796340e+02	9.933916e+02
11	1.748135e+02	9.856107e+02
11	2.052844e+02	9.923124e+02
11	2.152354e+02	9.857949e+02
11	2.783939e+02	9.500699e+02
11	2.886667e+02	9.309977e+02
11	2.928508e+02	9.806200e+02
11	2.682261e+02	8.918275e+02
11	2.498252e+02	8.233193e+02
11	2.149371e+02	8.212960e+02
11	2.095711e+02	7.733450e+02
11	1.992401e+02	7.856410e+02
11	1.859441e+02	8.225734e+02
11	1.676643e+02	8.622844e+02
11	2.118485e+02	8.374522e+02
11	1.816154e+02	8.651212e+02
11	2.190420e+02	8.339277e+02
11	2.395455e+02	7.906247e+02
11	2.587669e+02	7.857762e+02
11	2.472214e+02	7.877459e+02
11	2.427203e+02	7.576737e+02
11	2.281888e+02	7.796480e+02
11	2.189091e+02	8.817226e+02
11	2.032890e+02	9.586480e+02
11	2.045128e+02	1.019389e+03
11	185	1.037207e+03
11	2.111958e+02	1.019429e+03
11	2.003007e+02	1.038541e+03
11	2.153613e+02	9.958741e+02
11	1.839207e+02	9.460583e+02
11	1.359907e+02	8.919953e+02
11	1.383706e+02	8.808811e+02
11	1.736970e+02	8.836993e+02
11	2.150023e+02	8.415828e+02
11	2.511748e+02	8.409114e+02
11	2.546713e+02	8.093147e+02
11	2.333124e+02	8.146037e+02
11	2.057040e+02	8.679674e+02
11	2.027063e+02	8.659114e+02
11	1.394033e+02	8.931678e+02
11	1.000280e+02	9.223193e+02
11	1.507110e+02	9.328601e+02
11	2.041632e+02	9.249207e+02
11	2.286690e+02	9.166014e+02
11	2.245711e+02	9.387389e+02
11	1.751981e+02	9.009790e+02
11	1.582448e+02	9.657110e+02
11	1.545851e+02	1.008916e+03
11	1.312028e+02	1.001424e+03
11	1.246853e+02	1.008156e+03
11	1.650629e+02	9.714126e+02
11	1.642681e+02	9.221072e+02
11	2.025082e+02	9.389580e+02
11	1.865105e+02	9.223683e+02
11	2.050303e+02	8.913287e+02
11	1.938135e+02	8.378252e+02
11	2.351818e+02	8.944732e+02
11	2.451702e+02	9.764476e+02
11	2.184825e+02	1.025117e+03
11	2.445012e+02	1.031692e+03
11	2.752797e+02	1.042371e+03
11	2.646061e+02	1.064040e+03
11	2.513030e+02	1.043019e+03
11	2.413660e+02	9.594196e+02
11	2.789650e+02	8.680093e+02
11	2.662517e+02	7.748671e+02
11	2.654359e+02	7.492587e+02
11	2.320140e+02	8.518182e+02
11	1.566270e+02	9.190746e+02
11	1.391795e+02	9.750280e+02
11	1.580093e+02	1.055259e+03
11	1.483566e+02	1.072783e+03
11	1.094196e+02	9.959231e+02
11	1.648392e+02	9.618042e+02
11	1.965245e+02	9.108928e+02
11	1.881678e+02	8.559044e+02
11	1.832821e+02	8.354942e+02
11	2.032308e+02	8.787249e+02
11	1.989650e+02	9.486807e+02
11	2.164942e+02	9.562587e+02
11	1.984079e+02	9.416037e+02
11	2.008275e+02	9.361655e+02
11	1.710559e+02	8.880420e+02
11	2.160373e+02	8.939814e+02
11	1.963520e+02	9.007622e+02
11	1.740886e+02	9.423310e+02
11	2.052424e+02	9.057949e+02
11	3.244149e+02	8.523636e+02
11	4.550793e+02	7.717343e+02
11	5.297716e+02	6.270793e+02
11	5.769814e+02	5.138228e+02
11	6.480956e+02	4.314242e+02
11	7.095175e+02	3.628228e+02
11	7.570047e+02	3.330536e+02
11	7.421189e+02	3.613823e+02
11	7.178322e+02	3.889114e+02
11	7.233077e+02	3.804126e+02
11	7.950420e+02	3.852098e+02
11	8.559697e+02	3.816830e+02
11	8.414732e+02	3.606760e+02
11	8.168205e+02	3.553800e+02
11	8.003170e+02	3.426014e+02
11	7.427576e+02	3.278322e+02
11	7.166200e+02	3.239207e+02
11	8.861655e+02	3.212984e+02
11	1.000566e+03	3.350886e+02
11	1.083040e+03	3.355524e+02
11	1.214580e+03	3.327669e+02
11	1.505531e+03	3.752238e+02
11	1.522357e+03	3.590746e+02
11	1.481387e+03	3.300350e+02
11	1.434084e+03	3.173636e+02
11	1.315023e+03	2.922308e+02
11	1.089347e+03	2.626410e+02
11	1.184200e+03	2.748951e+02
11	1.277911e+03	3.055268e+02
11	1.459051e+03	3.252634e+02
11	1.819268e+03	3.461375e+02
11	2.301252e+03	4.032401e+02
11	2.645082e+03	4.101678e+02
11	2.880147e+03	4.698811e+02
11	3.071245e+03	5.255455e+02
11	3.066455e+03	5.236270e+02
11	2.866450e+03	5.253147e+02
11	2.945615e+03	5.358182e+02
11	2.770590e+03	5.140210e+02
11	2.762359e+03	5.112098e+02
11	2.719110e+03	4.786037e+02
11	2.810438e+03	4.775967e+02
11	2.888967e+03	4.938228e+02
11	3.040811e+03	5.467016e+02
11	3.038154e+03	5.494592e+02
11	2.880876e+03	5.039464e+02
12	4.539301e+02	4.460140e+02
12	4.246993e+02	4.762308e+02
12	4.093986e+02	4.940513e+02
12	4.049825e+02	5.008462e+02
12	4.084056e+02	4.979860e+02
12	4.166224e+02	4.868415e+02
12	4.287786e+02	4.537809e+02
12	4.436200e+02	4.456270e+02
12	4.077016e+02	4.204709e+02
12	3.883380e+02	4.302494e+02
12	3.940490e+02	4.220233e+02
12	3.879231e+02	4.610606e+02
12	3.897156e+02	4.607203e+02
12	3.774569e+02	4.630326e+02
12	3.991352e+02	5.143846e+02
12	4.248135e+02	5.084639e+02
12	4.545664e+02	4.996084e+02
12	4.613893e+02	5.078275e+02
12	4.333473e+02	4.975338e+02
12	394	4.934545e+02
12	3.847529e+02	4.924685e+02
12	3.878275e+02	4.767786e+02
12	3.863217e+02	4.530326e+02
12	3.572121e+02	4.611352e+02
12	3.553333e+02	4.950093e+02
12	3.721189e+02	4.700979e+02
12	3.991492e+02	5.036457e+02
12	4.138671e+02	5.067576e+02
12	4.327343e+02	5.102168e+02
12	4.447133e+02	5.099674e+02
12	4.416107e+02	5.144895e+02
12	4.632844e+02	5.140536e+02
12	4.544615e+02	5.096340e+02
12	4.449347e+02	5.054219e+02
12	3.869161e+02	4.970536e+02
12	3.497413e+02	4.776900e+02
12	3.377902e+02	4.817413e+02
12	3.348089e+02	4.485571e+02
12	3.454172e+02	4.348322e+02
12	3.435478e+02	4.194103e+02
12	3.621026e+02	4.419324e+02
12	3.791282e+02	4.390466e+02
12	3.880513e+02	4.486760e+02
12	3.987483e+02	4.818695e+02
12	3.575664e+02	4.751678e+02
12	3.358625e+02	4.697436e+02
12	3.552797e+02	4.560023e+02
12	3.513613e+02	4.454709e+02
12	3.421096e+02	4.717669e+02
12	3.583986e+02	5.021935e+02
12	3.723730e+02	5.283753e+02
12	3.803030e+02	5.121678e+02
12	3.741305e+02	5.123893e+02
12	3.527832e+02	5.087972e+02
12	3.211538e+02	4.860140e+02
12	3.081795e+02	4.525268e+02
12	3.081748e+02	4.434079e+02
12	3.110559e+02	4.477902e+02
12	3.394406e+02	4.678881e+02
12	3.577692e+02	4.340490e+02
12	4.298974e+02	3.722914e+02
12	4.963706e+02	3.116084e+02
12	5.212821e+02	2.846503e+02
12	5.690420e+02	2.504522e+02
12	5.870466e+02	2.178578e+02
12	6.075571e+02	1.873310e+02
12	6.054429e+02	1.960443e+02
12	6.041981e+02	2.057646e+02
12	5.945524e+02	2.049091e+02
12	5.672308e+02	1.995991e+02
12	6.293776e+02	2.003497e+02
12	6.437249e+02	2.179021e+02
12	6.714009e+02	2.322797e+02
12	7.081445e+02	2.337809e+02
12	6.802634e+02	2.472028e+02
12	6.764149e+02	2.675431e+02
12	6.880886e+02	2.891585e+02
12	6.653170e+02	3.041562e+02
12	6.454569e+02	2.916737e+02
12	6.072028e+02	2.926900e+02
12	5.889231e+02	3.179883e+02
12	5.655664e+02	3.434336e+02
12	5.435198e+02	3.369254e+02
12	5.336690e+02	3.366061e+02
12	5.020606e+02	3.563520e+02
12	5.347249e+02	3.527179e+02
12	5.737646e+02	3.717809e+02
12	5.837459e+02	3.690932e+02
12	5.769021e+02	3.603333e+02
12	5.568765e+02	3.661818e+02
12	5.304825e+02	3.767855e+02
12	5.411748e+02	3.617319e+02
12	5.221375e+02	3.288555e+02
12	5.403939e+02	3.176923e+02
12	5.334732e+02	3.103497e+02
12	5.309254e+02	2.902797e+02
12	5.227832e+02	3.049487e+02
12	5.561725e+02	3.037016e+02
12	5.276737e+02	3.448765e+02
12	5.098741e+02	3.380350e+02
12	4.782098e+02	3.202960e+02
12	5.148159e+02	2.875548e+02
12	5.130210e+02	2.722587e+02
12	5.409907e+02	2.948974e+02
12	5.457179e+02	2.953753e+02
12	5.423753e+02	3.092028e+02
12	5.689744e+02	3.396807e+02
12	6.242587e+02	3.619184e+02
12	6.061632e+02	3.735478e+02
12	5.805361e+02	3.407366e+02
12	5.682727e+02	3.205921e+02
12	5.827669e+02	2.901748e+02
12	5.515897e+02	2.857599e+02
12	5.396876e+02	2.969068e+02
12	5.091515e+02	3.003217e+02
12	4.999953e+02	3.026690e+02
12	4.979207e+02	3.184009e+02
12	5.034685e+02	3.100443e+02
12	4.920793e+02	2.864103e+02
12	4.633753e+02	3.201166e+02
12	5.064545e+02	3.424569e+02
12	5.162284e+02	3.764779e+02
12	5.313100e+02	4.001865e+02
12	5.204802e+02	4.039371e+02
12	5.090583e+02	3.971375e+02
12	5.148298e+02	3.725524e+02
12	5.501375e+02	3.360606e+02
12	5.322168e+02	3.036317e+02
12	5.195897e+02	2.866364e+02
12	5.243100e+02	2.838648e+02
12	5.648322e+02	2.946550e+02
12	5.806830e+02	2.980326e+02
12	5.812308e+02	2.997343e+02
12	5.484196e+02	3.071935e+02
12	5.677040e+02	3.063590e+02
12	5.635058e+02	3.065082e+02
12	6.040490e+02	2.944359e+02
12	5.728275e+02	3.087343e+02
12	5.802401e+02	2.764312e+02
12	5.764196e+02	2.451702e+02
12	5.609277e+02	2.574196e+02
12	5.783473e+02	2.767156e+02
12	5.519697e+02	3.108811e+02
12	5.578648e+02	3.305478e+02
12	5.776061e+02	3.409114e+02
12	5.643077e+02	3.257436e+02
12	5.742051e+02	3.361608e+02
12	5.609790e+02	3.341795e+02
12	5.796131e+02	3.067529e+02
12	5.914802e+02	3.015758e+02
12	6.177972e+02	3.241585e+02
12	6.449184e+02	3.265991e+02
12	6.007552e+02	3.611748e+02
12	5.889977e+02	3.699161e+02
12	5.657063e+02	3.707226e+02
12	5.386690e+02	3.343893e+02
12	5.229441e+02	3.502634e+02
12	5.399464e+02	3.272774e+02
12	5.602517e+02	3.076643e+02
12	5.902471e+02	2.797972e+02
12	5.842261e+02	2.767949e+02
12	5.683054e+02	2.494569e+02
12	5.670816e+02	2.809697e+02
12	5.580629e+02	2.860653e+02
12	5.657413e+02	3.089277e+02
12	5.724079e+02	3.050932e+02
12	6.190490e+02	2.956970e+02
12	6.213963e+02	2.860979e+02
12	6.057413e+02	2.670000e+02
12	6.283823e+02	2.513566e+02
12	6.025921e+02	2.586737e+02
12	6.010303e+02	2.495012e+02
12	6.070093e+02	2.649277e+02
12	5.869231e+02	2.756737e+02
12	5.813030e+02	3.060629e+02
12	5.900979e+02	2.711678e+02
12	6.210396e+02	2.638368e+02
12	6.016364e+02	2.940070e+02
12	6.171888e+02	2.624289e+02
12	6.568275e+02	2.882028e+02
12	6.277319e+02	3.240490e+02
12	6.072354e+02	3.355967e+02
12	5.855431e+02	3.527925e+02
12	5.941562e+02	3.491841e+02
12	5.776410e+02	3.350979e+02
12	5.727529e+02	2.906946e+02
12	5.691096e+02	2.953357e+02
12	6.064825e+02	2.900070e+02
12	6.347832e+02	2.621538e+02
12	6.399231e+02	2.805944e+02
12	6.053613e+02	3.091352e+02
12	6.120280e+02	3.153963e+02
12	5.903543e+02	3.007110e+02
12	5.994755e+02	2.962960e+02
12	5.743403e+02	2.864872e+02
12	5.463054e+02	2.973613e+02
12	5.581002e+02	3.107832e+02
12	5.976713e+02	3.075921e+02
12	6.379254e+02	3.266830e+02
12	6.151725e+02	3.033357e+02
12	5.950396e+02	3.141282e+02
12	5.913846e+02	3.182587e+02
12	5.539580e+02	2.956737e+02
12	5.489161e+02	285
12	5.645664e+02	2.985921e+02
12	5.378531e+02	3.356783e+02
12	5.669860e+02	3.488951e+02
12	5.698531e+02	3.480793e+02
12	6.076760e+02	3.637086e+02
12	6.095175e+02	3.564848e+02
12	6.037296e+02	3.561119e+02
12	5.917855e+02	3.629464e+02
12	5.945501e+02	3.061119e+02
12	5.783427e+02	2.737110e+02
12	5.779674e+02	2.854872e+02
12	5.071282e+02	3.077273e+02
12	5.166923e+02	3.431515e+02
12	4.866410e+02	3.489044e+02
12	4.992587e+02	3.661702e+02
12	5.256247e+02	3.740746e+02
12	5.501166e+02	3.507459e+02
12	5.521888e+02	3.458322e+02
12	5.650513e+02	2.889184e+02
12	5.657552e+02	2.661678e+02
12	5.503217e+02	2.931632e+02
12	5.028951e+02	3.074336e+02
12	5.002564e+02	3.461632e+02
12	4.600816e+02	3.552284e+02
12	4.938438e+02	3.722191e+02
12	5.174848e+02	3.806620e+02
12	5.348228e+02	3.752261e+02
12	5.181841e+02	3.824802e+02
12	5.465734e+02	3.344779e+02
12	5.586643e+02	3.372984e+02
12	5.600956e+02	3.414592e+02
12	5.537879e+02	2.999068e+02
12	5.628182e+02	3.139091e+02
12	5.774825e+02	3.180373e+02
12	6.396014e+02	3.353287e+02
12	6.552960e+02	3.278042e+02
12	6.557226e+02	3.339184e+02
12	6.353916e+02	3.348252e+02
12	6.409277e+02	3.170769e+02
12	6.175618e+02	3.572284e+02
12	5.900093e+02	3.543287e+02
12	5.473124e+02	3.352704e+02
12	5.247972e+02	3.531608e+02
12	5.426643e+02	3.689021e+02
12	5.342261e+02	3.736084e+02
12	5.389417e+02	3.413170e+02
12	5.626503e+02	3.335245e+02
12	5.859977e+02	3.111632e+02
12	6.456597e+02	2.932354e+02
12	6.603939e+02	2.923357e+02
12	6.459277e+02	3.004709e+02
12	6.280676e+02	3.032121e+02
12	6.341282e+02	3.150839e+02
12	6.240443e+02	3.352844e+02
12	5.678065e+02	3.219604e+02
12	5.442354e+02	2.981865e+02
12	5.484289e+02	2.926131e+02
12	5.296900e+02	2.843543e+02
12	5.581352e+02	2.834639e+02
12	5.483007e+02	2.964965e+02
12	5.490490e+02	3.208904e+02
12	5.351072e+02	3.352051e+02
12	5.420047e+02	3.511538e+02
12	5.468159e+02	3.389161e+02
12	5.484965e+02	3.077156e+02
12	5.415688e+02	2.973427e+02
12	5.453077e+02	2.994079e+02
12	5.353147e+02	3.039207e+02
12	5.399441e+02	3.268322e+02
12	4.946993e+02	3.574359e+02
12	4.680699e+02	3.822960e+02
12	4.949021e+02	3.808322e+02
12	5.235105e+02	3.895128e+02
12	5.406224e+02	3.666457e+02
12	5.714825e+02	3.238205e+02
12	6.018858e+02	3.122121e+02
12	6.071119e+02	2.750606e+02
12	5.831841e+02	2.682681e+02
12	5.328135e+02	2.701142e+02
12	4.822704e+02	2.752844e+02
12	4.920443e+02	2.726387e+02
12	5.273193e+02	2.631096e+02
12	5.458228e+02	2.849744e+02
12	5.536923e+02	3.067319e+02
12	6.017692e+02	3.057669e+02
12	6.117483e+02	2.962331e+02
12	5.970303e+02	2.867226e+02
12	6.056993e+02	2.997086e+02
12	6.153124e+02	3.006294e+02
12	6.211469e+02	2.986131e+02
12	6.424825e+02	2.819883e+02
12	6.504359e+02	2.821166e+02
12	6.500862e+02	2.745991e+02
12	5.996131e+02	3.126340e+02
12	5.857529e+02	3.117226e+02
12	5.648555e+02	2.857902e+02
12	5.523287e+02	3.244266e+02
12	5.723030e+02	3.376387e+02
12	5.745175e+02	3.413497e+02
12	5.703963e+02	3.458858e+02
12	5.916690e+02	3.295455e+02
12	6.042984e+02	3.473497e+02
12	5.951445e+02	3.464452e+02
12	5.896387e+02	3.649767e+02
12	6.269231e+02	3.377179e+02
12	6.176014e+02	3.242914e+02
12	5.903147e+02	3.517296e+02
12	5.903403e+02	3.388252e+02
12	5.626340e+02	3.411818e+02
12	5.372075e+02	3.360699e+02
12	5.422751e+02	3.498834e+02
12	5.519487e+02	3.631072e+02
12	5.670513e+02	3.467016e+02
12	5.569627e+02	3.377296e+02
12	5.844545e+02	3.174942e+02
12	5.430280e+02	3.043100e+02
12	5.493636e+02	2.903193e+02
12	5.701422e+02	2.893263e+02
12	5.441748e+02	3.136923e+02
12	5.696807e+02	3.206783e+02
12	5.850093e+02	3.122424e+02
12	5.917436e+02	2.894825e+02
12	5.781469e+02	2.754266e+02
12	5.294662e+02	2.811375e+02
12	5.284709e+02	2.801119e+02
12	5.150210e+02	2.826783e+02
12	5.274662e+02	2.826154e+02
12	5.418159e+02	3.108228e+02
12	5.138135e+02	3.308834e+02
12	5.631865e+02	3.182121e+02
12	6.067133e+02	2.989930e+02
12	6.488998e+02	2.861026e+02
12	6.608508e+02	2.838438e+02
12	6.733520e+02	2.817506e+02
12	6.651119e+02	2.929930e+02
12	6.877552e+02	2.952401e+02
12	6.575967e+02	3.129837e+02
12	6.633193e+02	3.409790e+02
12	6.253543e+02	3.338485e+02
12	6.506993e+02	3.283916e+02
12	6.568648e+02	3.442657e+02
12	6.234103e+02	3.074685e+02
12	5.902098e+02	3.048159e+02
12	5.939091e+02	2.997925e+02
12	5.658089e+02	3.017063e+02
12	5.770979e+02	3.074755e+02
12	5.682098e+02	3.167552e+02
12	5.926503e+02	3.353100e+02
12	6.019907e+02	3.166014e+02
12	6.364172e+02	3.122960e+02
12	6.162238e+02	3.194033e+02
12	6.062098e+02	2.961072e+02
12	6.251072e+02	3.335991e+02
12	6.508811e+02	3.423147e+02
12	6.436853e+02	3.856224e+02
12	6.509697e+02	3.862168e+02
12	6.330862e+02	3.658648e+02
12	6.230326e+02	3.879977e+02
12	6.132378e+02	3.748834e+02
12	6.142867e+02	3.594779e+02
12	5.823193e+02	3.616177e+02
12	6.179790e+02	3.604172e+02
12	6.378765e+02	3.844965e+02
12	6.192051e+02	3.670559e+02
12	6.203193e+02	3.799627e+02
12	6.107226e+02	3.407786e+02
12	5.787366e+02	3.313473e+02
12	6.170816e+02	3.322844e+02
12	6.412517e+02	3.427389e+02
12	6.864755e+02	3.298788e+02
12	7.186713e+02	3.229277e+02
12	7.372098e+02	3.165711e+02
12	7.186807e+02	2.900443e+02
12	6.753124e+02	2.846620e+02
12	6.578508e+02	2.989044e+02
12	5.879674e+02	2.983823e+02
12	5.510023e+02	3.023706e+02
12	5.518578e+02	3.087809e+02
12	5.646410e+02	3.085921e+02
12	5.622401e+02	3.104172e+02
12	5.593636e+02	3.270466e+02
12	5.002401e+02	3.258741e+02
12	5.051795e+02	3.125571e+02
12	5.060979e+02	3.343427e+02
12	5.397086e+02	3.615991e+02
12	5.779650e+02	3.936457e+02
12	5.915501e+02	3.977459e+02
12	6.064802e+02	3.915664e+02
12	6.569301e+02	3.472284e+02
12	6.462098e+02	3.295897e+02
12	6.315152e+02	3.391818e+02
12	6.226643e+02	2.996294e+02
12	6.222471e+02	3.042121e+02
12	5.909371e+02	3.356387e+02
12	6.246177e+02	3.876970e+02
12	6.288252e+02	4.471399e+02
12	5.994242e+02	4.427762e+02
12	5.828741e+02	4.377063e+02
12	5.941772e+02	4.247902e+02
12	5.634196e+02	3.891282e+02
12	5.488881e+02	3.602890e+02
12	5.604172e+02	2.867855e+02
12	5.662331e+02	2.434942e+02
12	5.861166e+02	2.574569e+02
12	6.175455e+02	2.481632e+02
12	6.097622e+02	2.534895e+02
12	5.994615e+02	2.606294e+02
12	5.370862e+02	2.876760e+02
12	5.194289e+02	3.115221e+02
12	4.879068e+02	3.263893e+02
12	4.780699e+02	3.460816e+02
12	4.875501e+02	3.457506e+02
12	5.332890e+02	3.048695e+02
12	5.602704e+02	3.157949e+02
12	6.087086e+02	3.048741e+02
12	6.429627e+02	2.911142e+02
12	6.502704e+02	3.021235e+02
12	6.230723e+02	3.097599e+02
12	6.155828e+02	2.873170e+02
12	5.942401e+02	3.069627e+02
12	6.008928e+02	3.362727e+02
12	5.852867e+02	3.462308e+02
12	5.778555e+02	3.421935e+02
12	5.426014e+02	3.634103e+02
12	5.821352e+02	3.859114e+02
12	5.707786e+02	3.718718e+02
12	5.685594e+02	3.641189e+02
12	5.676457e+02	3.503077e+02
12	5.571212e+02	3.249068e+02
12	5.745361e+02	3.345758e+02
12	5.921538e+02	3.237156e+02
12	6.039907e+02	3.264009e+02
12	6.071049e+02	3.327972e+02
12	5.866177e+02	3.329231e+02
12	6.112261e+02	3.491538e+02
12	5.641445e+02	3.406387e+02
12	5.562378e+02	2.875571e+02
12	5.496061e+02	2.943427e+02
12	5.265315e+02	2.964918e+02
12	5.148718e+02	2.912634e+02
12	5.053450e+02	2.684569e+02
12	5.161585e+02	2.723054e+02
12	4.999883e+02	2.734755e+02
12	5.100210e+02	2.883124e+02
12	5.217972e+02	3.199487e+02
12	4.904033e+02	3.245734e+02
12	5.010699e+02	2.808765e+02
12	5.199674e+02	3.228834e+02
12	5.268485e+02	3.202121e+02
12	5.305734e+02	3.201748e+02
12	5.881958e+02	2.979814e+02
12	5.872821e+02	3.035012e+02
12	5.716410e+02	3.089114e+02
12	5.714172e+02	3.072075e+02
12	5.353893e+02	3.088904e+02
12	4.830699e+02	2.945478e+02
12	4.623333e+02	2.746597e+02
12	4.317040e+02	3.179674e+02
12	4.496970e+02	3.172821e+02
12	4.597016e+02	3.395944e+02
12	5.227855e+02	3.523263e+02
12	5.380583e+02	3.833193e+02
12	5.391562e+02	3.894825e+02
12	5.603916e+02	3.788462e+02
12	5.584569e+02	3.584825e+02
12	5.227925e+02	3.272401e+02
12	5.254942e+02	2.919907e+02
12	5.255618e+02	2.928974e+02
12	5.459883e+02	2.637389e+02
12	5.385152e+02	2.841026e+02
12	5.681492e+02	2.850210e+02
12	5.704429e+02	2.950559e+02
12	5.592494e+02	3.021702e+02
12	5.658508e+02	2.982448e+02
12	5.342448e+02	2.834196e+02
12	4.829953e+02	2.453497e+02
12	4.843473e+02	2.356853e+02
12	5.106737e+02	2.531818e+02
12	5.099534e+02	2.449301e+02
12	5.316387e+02	2.510140e+02
12	5.212960e+02	2.676317e+02
12	5.507110e+02	2.799767e+02
12	5.465688e+02	2.935082e+02
12	5.612471e+02	2.995035e+02
12	4.997436e+02	2.933147e+02
12	4.908462e+02	2.825758e+02
12	4.802354e+02	3.188089e+02
12	5.017786e+02	3.167529e+02
12	5.147949e+02	3.229464e+02
12	5.225338e+02	3.239487e+02
12	4.657669e+02	3.515641e+02
12	4.711841e+02	3.481072e+02
12	4.903450e+02	3.403974e+02
12	5.244918e+02	3.307855e+02
12	5.748671e+02	3.216224e+02
12	6.427133e+02	3.152587e+02
13	8.103986e+02	2.965105e+02
13	7.664685e+02	3.226294e+02
13	7.313310e+02	3.328182e+02
13	7.068648e+02	3.321142e+02
13	6.949487e+02	3.255548e+02
13	6.974615e+02	3.181772e+02
13	7.777156e+02	3.275618e+02
13	7.798205e+02	3.460350e+02
13	7.930909e+02	3.561142e+02
13	7.859534e+02	3.735804e+02
13	7.849371e+02	3.870606e+02
13	8.294988e+02	4.064802e+02
13	8.236364e+02	4.048578e+02
13	8.494522e+02	3.559417e+02
13	8.494685e+02	3.380163e+02
13	8.473753e+02	3.124196e+02
13	8.528042e+02	3.171329e+02
13	8.247692e+02	3.423893e+02
13	7.651352e+02	3.546783e+02
13	7.769207e+02	3.915431e+02
13	7.342960e+02	4.000629e+02
13	7.684033e+02	3.820443e+02
13	7.565781e+02	3.650979e+02
13	7.637599e+02	3.257925e+02
13	7.741049e+02	3.206527e+02
13	7.843030e+02	3.019767e+02
13	8.234522e+02	3.320606e+02
13	8.560629e+02	3.406294e+02
13	8.233753e+02	3.438205e+02
13	8.598065e+02	3.339510e+02
13	8.094196e+02	3.230256e+02
13	8.519907e+02	3.329604e+02
13	8.185175e+02	3.491026e+02
13	8.132984e+02	3.492261e+02
13	7.899604e+02	3.393613e+02
13	7.945035e+02	3.391096e+02
13	8.035921e+02	3.488252e+02
13	7.777203e+02	3.402214e+02
13	7.119580e+02	3.352238e+02
13	7.023590e+02	3.031795e+02
13	6.962797e+02	3.220769e+02
13	7.155128e+02	3.320583e+02
13	7.291632e+02	3.344825e+02
13	7.833240e+02	3.285828e+02
13	7.908881e+02	2.995618e+02
13	7.902564e+02	2.847902e+02
13	7.905967e+02	2.973800e+02
13	8.266503e+02	3.157483e+02
13	8.236946e+02	3.223473e+02
13	8.574242e+02	3.188765e+02
13	8.831026e+02	3.162821e+02
13	8.775664e+02	2.719953e+02
13	8.281911e+02	2.767972e+02
13	8.136830e+02	3.042145e+02
13	7.137622e+02	3.413683e+02
13	6.043846e+02	3.915361e+02
13	5.009860e+02	4.752051e+02
13	4.346247e+02	5.538765e+02
13	3.893217e+02	5.921026e+02
13	3.875338e+02	6.022867e+02
13	4.312494e+02	5.852284e+02
13	4.411166e+02	5.712098e+02
13	4.565828e+02	5.832960e+02
13	5.164545e+02	5.584359e+02
13	5.127692e+02	5.510769e+02
13	5.234079e+02	5.267995e+02
13	5.475361e+02	5.271119e+02
13	5.602471e+02	4.918438e+02
13	5.928625e+02	4.798205e+02
13	5.989883e+02	4.492075e+02
13	6.118112e+02	4.544429e+02
13	5.758228e+02	4.640793e+02
13	5.651702e+02	4.933193e+02
13	5.021049e+02	4.708881e+02
13	4.302308e+02	5.069487e+02
13	4.037599e+02	4.836830e+02
13	4.344452e+02	5.067669e+02
13	4.884918e+02	5.118485e+02
13	5.450233e+02	5.570047e+02
13	5.511655e+02	5.560093e+02
13	5.763240e+02	5.746224e+02
13	5.598159e+02	5.503823e+02
13	5.926573e+02	5.580280e+02
13	5.529324e+02	5.095082e+02
13	5.212191e+02	5.276900e+02
13	5.143473e+02	4.822168e+02
13	5.160490e+02	5.331049e+02
13	5.480163e+02	5.707040e+02
13	5.705967e+02	5.979744e+02
13	5.654522e+02	6.375431e+02
13	5.431375e+02	6.244755e+02
13	5.350140e+02	6.258741e+02
13	5.494476e+02	6.385221e+02
13	5.470420e+02	6.308322e+02
13	5.562517e+02	6.346573e+02
13	5.445688e+02	6.170140e+02
13	5.152424e+02	6.517762e+02
13	5.031935e+02	6.488462e+02
13	5.048298e+02	6.183660e+02
13	5.266224e+02	6.455758e+02
13	5.112914e+02	6.239627e+02
13	5.286061e+02	6.698135e+02
13	5.172984e+02	6.637016e+02
13	5.570769e+02	6.688718e+02
13	5.762378e+02	6.631748e+02
13	5.467343e+02	6.631911e+02
13	5.341026e+02	6.502611e+02
13	5.046410e+02	6.300839e+02
13	5.238345e+02	6.205548e+02
13	5.452821e+02	6.202890e+02
13	5.250093e+02	6.083893e+02
13	5.357296e+02	6.039301e+02
13	5.644219e+02	5.815524e+02
13	5.896224e+02	5.857016e+02
13	5.998019e+02	6.168741e+02
13	5.650396e+02	6.487063e+02
13	6.039464e+02	6.714476e+02
13	6.079977e+02	7.162494e+02
13	6.287226e+02	7.235105e+02
13	5.631235e+02	7.069254e+02
13	5.065758e+02	6.929207e+02
13	5.324103e+02	6.468345e+02
13	5.593543e+02	5.956946e+02
13	5.456713e+02	5.805478e+02
13	5.494825e+02	5.961725e+02
13	5.860350e+02	6.020350e+02
13	6.752448e+02	6.119347e+02
13	6.851189e+02	6.486037e+02
13	6.774266e+02	6.516224e+02
13	6.011445e+02	6.558811e+02
13	5.639953e+02	6.828345e+02
13	6.083007e+02	6.930816e+02
13	5.834312e+02	7.001305e+02
13	5.522005e+02	7.457063e+02
13	5.225711e+02	7.499907e+02
13	5.333310e+02	7.504499e+02
13	5.405594e+02	7.154895e+02
13	5.514172e+02	6.997133e+02
13	5.636364e+02	6.930420e+02
13	5.594569e+02	6.588135e+02
13	5.986527e+02	6.378974e+02
13	6.493916e+02	6.280466e+02
13	6.329231e+02	6.257296e+02
13	6.006434e+02	6.459767e+02
13	5.499487e+02	6.435991e+02
13	5.396970e+02	6.660699e+02
13	5.623683e+02	6.678205e+02
13	6.120699e+02	6.867296e+02
13	6.237133e+02	7.085408e+02
13	6.214196e+02	6.998462e+02
13	6.130233e+02	6.808159e+02
13	5.628462e+02	6.512448e+02
13	5.433636e+02	5.971585e+02
13	5.181166e+02	5.820000e+02
13	5.123310e+02	5.644615e+02
13	5.201189e+02	5.666200e+02
13	5.011678e+02	5.525315e+02
13	4.896597e+02	5.698159e+02
13	5.026061e+02	5.824662e+02
13	4.880956e+02	6.109604e+02
13	4.720606e+02	6.459790e+02
13	4.518135e+02	6.372564e+02
13	4.878298e+02	6.214802e+02
13	5.154242e+02	6.233520e+02
13	5.458345e+02	6.489650e+02
13	5.709744e+02	6.780583e+02
13	5.685291e+02	6.685152e+02
13	5.941166e+02	6.761678e+02
13	6.412937e+02	6.686084e+02
13	6.367133e+02	6.403193e+02
13	6.005804e+02	6.573357e+02
13	5.851585e+02	6.482797e+02
13	6.152168e+02	6.078928e+02
13	5.946690e+02	5.644196e+02
13	5.790117e+02	6.132774e+02
13	5.960816e+02	6.328252e+02
13	6.072821e+02	6.135361e+02
13	6.135524e+02	6.058345e+02
13	5.979790e+02	6.387832e+02
13	5.521608e+02	6.207786e+02
13	5.512238e+02	6.696364e+02
13	5.548834e+02	6.693753e+02
13	5.793193e+02	6.477552e+02
13	5.493427e+02	6.290466e+02
13	5.787646e+02	6.682401e+02
13	5.920746e+02	6.311795e+02
13	6.051888e+02	6.126923e+02
13	5.873636e+02	5.973380e+02
13	5.992960e+02	5.664965e+02
13	5.987319e+02	5.607669e+02
13	6.192751e+02	5.953613e+02
13	5.627902e+02	6.037459e+02
13	5.664709e+02	6.394522e+02
13	5.453147e+02	6.493613e+02
13	5.707879e+02	6.707389e+02
13	5.539068e+02	6.441678e+02
13	5.624056e+02	6.340117e+02
13	5.756760e+02	6.270746e+02
13	5.967273e+02	5.533800e+02
13	5.893566e+02	5.696457e+02
13	5.713636e+02	5.623427e+02
13	5.449790e+02	5.497296e+02
13	5.334359e+02	5.270816e+02
13	4.745711e+02	5.190280e+02
13	4.517249e+02	5.334009e+02
13	4.569021e+02	5.767366e+02
13	4.864009e+02	6.107133e+02
13	5.080233e+02	6.683800e+02
13	5.064079e+02	6.566503e+02
13	5.331445e+02	6.791702e+02
13	5.744965e+02	6.735291e+02
13	6.162587e+02	6.817902e+02
13	6.062494e+02	6.484289e+02
13	5.740070e+02	6.419534e+02
13	5.355571e+02	6.741096e+02
13	5.617786e+02	6.994336e+02
13	5.513030e+02	6.880280e+02
13	5.338904e+02	6.757692e+02
13	4.991492e+02	6.592890e+02
13	4.770886e+02	6.439674e+02
13	4.835385e+02	6.582261e+02
13	5.226993e+02	6.825245e+02
13	5.087622e+02	6.486853e+02
13	5.668112e+02	6.374056e+02
13	5.978438e+02	6.474336e+02
13	6.316107e+02	6.574149e+02
13	6.335594e+02	6.424382e+02
13	6.482704e+02	6.033800e+02
13	5.856247e+02	6.104825e+02
13	5.310186e+02	5.828508e+02
13	4.997203e+02	6.348555e+02
13	4.498788e+02	6.402424e+02
13	4.578252e+02	6.206550e+02
13	4.807855e+02	6.561422e+02
13	5.029254e+02	6.657319e+02
13	5.164266e+02	7.125221e+02
13	5.235198e+02	7.262448e+02
13	5.893520e+02	7.369580e+02
13	6.316387e+02	7.519091e+02
13	6.421445e+02	7.053333e+02
13	6.232797e+02	7.326340e+02
13	6.005874e+02	6.662751e+02
13	6.371958e+02	6.693893e+02
13	5.784499e+02	6.570373e+02
13	5.329161e+02	6.080956e+02
13	5.596107e+02	6.070047e+02
13	5.345711e+02	6.554662e+02
13	6.040956e+02	7.276434e+02
13	6.304172e+02	7.539767e+02
13	5.853263e+02	7.941375e+02
13	5.495058e+02	8.430653e+02
13	5.507319e+02	8.166713e+02
13	5.237203e+02	8.163543e+02
13	5.191212e+02	7.482704e+02
13	5.001911e+02	7.127459e+02
13	5.676690e+02	6.944942e+02
13	5.478135e+02	6.795501e+02
13	5.533007e+02	6.472284e+02
13	5.314522e+02	6.264802e+02
13	4.683403e+02	6.549767e+02
13	4.542564e+02	6.607016e+02
13	4.518555e+02	6.317273e+02
13	4.591911e+02	6.245664e+02
13	5.253753e+02	6.247389e+02
13	5.698392e+02	6.623846e+02
13	6.085012e+02	6.374359e+02
13	6.180653e+02	6.393240e+02
13	6.154639e+02	5.900186e+02
13	6.127273e+02	5.570769e+02
13	5.863287e+02	6.061469e+02
13	6.130093e+02	6.464918e+02
13	5.715082e+02	6.591841e+02
13	5.583613e+02	6.757179e+02
13	5.612867e+02	6.719184e+02
13	5.608298e+02	6.680723e+02
13	5.471096e+02	6.681212e+02
13	5.558741e+02	7.095105e+02
13	5.172657e+02	6.900303e+02
13	5.037343e+02	6.322844e+02
13	5.523217e+02	6.346084e+02
