500
154
251
128
145
1000
1000
126
1000
122
470
113
342
389
495
545
1000
478
1000
139
185
58
56
265
225
99
95
160
337
189
275
151
92
89
199
176
170
170
1000
193
424
159
341
162
181
1000
67
306
68
200
609
335
559
158
649
509
1000
561
669
81
54
343
141
1000
96
500
50
150
50
165
1000
401
269
1000
1000
110
162
222
177
135
71
98
222
253
84
55
121
313
70
115
302
336
328
349
94
286
277
1000
54
219
154
142
136
341
274
83
254
168
674
285
120
294
75
64
523
507
289
208
95
354
215
206
93
71
134
62
180
176
599
1000
203
1000
184
69
239
99
96
817
83
265
372
87
141
579
1000
261
684
329
560
1000
88
59
67
120
344
53
680
87
68
462
323
170
1000
414
129
206
118
113
220
321
235
361
175
99
162
384
236
550
1000
154
176
667
1000
470
115
56
96
152
144
80
209
556
